Finding R^BIP_3(8,6)

Order & number of counterexample graphs:
0 1
1 1
2 2
3 3
4 7
5 13
6 30
7 67
8 74
9 8
10 0

8 extremal graph(s):

graph r3_8_6e1 {
    0; 1; 2; 3; 4; 5; 6; 7; 8;
    0 -- 7; 0 -- 8; 1 -- 7; 1 -- 8; 2 -- 7; 2 -- 8; 3 -- 7; 4 -- 8;
    5 -- 8;
    [[7, 8], [7, 8], [7, 8], [7], [8], [8], [], [0, 1, 2, 3], [0, 1, 2, 4, 5]]
}

graph r3_8_6e2 {
    0; 1; 2; 3; 4; 5; 6; 7; 8;
    0 -- 7; 0 -- 8; 1 -- 7; 1 -- 8; 2 -- 7; 3 -- 7; 4 -- 8; 5 -- 8;
    6 -- 8;
    [[7, 8], [7, 8], [7], [7], [8], [8], [8], [0, 1, 2, 3], [0, 1, 4, 5, 6]]
}

graph r3_8_6e3 {
    0; 1; 2; 3; 4; 5; 6; 7; 8;
    0 -- 7; 0 -- 8; 1 -- 7; 1 -- 8; 2 -- 7; 2 -- 8; 3 -- 7; 4 -- 8;
    5 -- 8; 6 -- 8;
    [[7, 8], [7, 8], [7, 8], [7], [8], [8], [8], [0, 1, 2, 3], [0, 1, 2, 4, 5, 6]]
}

graph r3_8_6e4 {
    0; 1; 2; 3; 4; 5; 6; 7; 8;
    0 -- 7; 0 -- 8; 1 -- 7; 1 -- 8; 2 -- 7; 2 -- 8; 3 -- 7; 4 -- 7;
    5 -- 8; 6 -- 8;
    [[7, 8], [7, 8], [7, 8], [7], [7], [8], [8], [0, 1, 2, 3, 4], [0, 1, 2, 5, 6]]
}

graph r3_8_6e5 {
    0; 1; 2; 3; 4; 5; 6; 7; 8;
    0 -- 6; 0 -- 7; 0 -- 8; 1 -- 7; 1 -- 8; 2 -- 7; 2 -- 8; 3 -- 7;
    4 -- 8; 5 -- 8;
    [[6, 7, 8], [7, 8], [7, 8], [7], [8], [8], [0], [0, 1, 2, 3], [0, 1, 2, 4, 5]]
}

graph r3_8_6e6 {
    0; 1; 2; 3; 4; 5; 6; 7; 8;
    0 -- 6; 0 -- 7; 1 -- 7; 1 -- 8; 2 -- 7; 2 -- 8; 3 -- 7; 3 -- 8;
    4 -- 8; 5 -- 8;
    [[6, 7], [7, 8], [7, 8], [7, 8], [8], [8], [0], [0, 1, 2, 3], [1, 2, 3, 4, 5]]
}

graph r3_8_6e7 {
    0; 1; 2; 3; 4; 5; 6; 7; 8;
    0 -- 6; 0 -- 8; 1 -- 7; 1 -- 8; 2 -- 7; 2 -- 8; 3 -- 7; 3 -- 8;
    4 -- 7; 5 -- 8;
    [[6, 8], [7, 8], [7, 8], [7, 8], [7], [8], [0], [1, 2, 3, 4], [0, 1, 2, 3, 5]]
}

graph r3_8_6e8 {
    0; 1; 2; 3; 4; 5; 6; 7; 8;
    0 -- 6; 0 -- 8; 1 -- 6; 1 -- 8; 2 -- 7; 2 -- 8; 3 -- 7; 3 -- 8;
    4 -- 7; 4 -- 8; 5 -- 7;
    [[6, 8], [6, 8], [7, 8], [7, 8], [7, 8], [7], [0, 1], [2, 3, 4, 5], [0, 1, 2, 3, 4]]
}

R^BIP_3(8,6) = 10
8 extremal graph(s)
running time:1.0172514915466309sec
