Finding R^BIP_3(8,7)

Order & number of counterexample graphs:
0 1
1 1
2 2
3 3
4 7
5 13
6 35
7 87
8 161
9 164
10 37
11 2
12 0

2 extremal graph(s):

graph r3_8_7e1 {
    0; 1; 2; 3; 4; 5; 6; 7; 8; 9; 10;
    0 -- 7; 0 -- 8; 0 -- 10; 1 -- 7; 1 -- 8; 1 -- 10; 2 -- 7; 2 -- 9;
    2 -- 10; 3 -- 7; 3 -- 9; 3 -- 10; 4 -- 8; 4 -- 9; 4 -- 10; 5 -- 8;
    5 -- 9; 5 -- 10; 6 -- 8; 6 -- 9; 6 -- 10;
    [[7, 8, 10], [7, 8, 10], [7, 9, 10], [7, 9, 10], [8, 9, 10], [8, 9, 10], [8, 9, 10], [0, 1, 2, 3], [0, 1, 4, 5, 6], [2, 3, 4, 5, 6], [0, 1, 2, 3, 4, 5, 6]]
}

graph r3_8_7e2 {
    0; 1; 2; 3; 4; 5; 6; 7; 8; 9; 10;
    0 -- 7; 0 -- 8; 0 -- 9; 0 -- 10; 1 -- 7; 1 -- 8; 1 -- 10; 2 -- 7;
    2 -- 8; 2 -- 10; 3 -- 7; 3 -- 9; 3 -- 10; 4 -- 7; 4 -- 9; 4 -- 10;
    5 -- 8; 5 -- 9; 5 -- 10; 6 -- 8; 6 -- 9; 6 -- 10;
    [[7, 8, 9, 10], [7, 8, 10], [7, 8, 10], [7, 9, 10], [7, 9, 10], [8, 9, 10], [8, 9, 10], [0, 1, 2, 3, 4], [0, 1, 2, 5, 6], [0, 3, 4, 5, 6], [0, 1, 2, 3, 4, 5, 6]]
}

R^BIP_3(8,7) = 12
2 extremal graph(s)
running time:7.727337598800659sec
