Finding R^BIP_3(8,8)

Order & number of counterexample graphs:
0 1
1 1
2 2
3 3
4 7
5 13
6 35
7 88
8 168
9 203
10 178
11 35
12 2
13 0

2 extremal graph(s):

graph r3_8_8e1 {
    0; 1; 2; 3; 4; 5; 6; 7; 8; 9; 10; 11;
    0 -- 7; 0 -- 8; 0 -- 10; 0 -- 11; 1 -- 7; 1 -- 8; 1 -- 10; 1 -- 11;
    2 -- 7; 2 -- 9; 2 -- 10; 2 -- 11; 3 -- 7; 3 -- 9; 3 -- 10; 3 -- 11;
    4 -- 8; 4 -- 9; 4 -- 10; 4 -- 11; 5 -- 8; 5 -- 9; 5 -- 10; 5 -- 11;
    6 -- 8; 6 -- 9; 6 -- 10; 6 -- 11;
    [[7, 8, 10, 11], [7, 8, 10, 11], [7, 9, 10, 11], [7, 9, 10, 11], [8, 9, 10, 11], [8, 9, 10, 11], [8, 9, 10, 11], [0, 1, 2, 3], [0, 1, 4, 5, 6], [2, 3, 4, 5, 6], [0, 1, 2, 3, 4, 5, 6], [0, 1, 2, 3, 4, 5, 6]]
}

graph r3_8_8e2 {
    0; 1; 2; 3; 4; 5; 6; 7; 8; 9; 10; 11;
    0 -- 7; 0 -- 8; 0 -- 9; 0 -- 10; 0 -- 11; 1 -- 7; 1 -- 8; 1 -- 10;
    1 -- 11; 2 -- 7; 2 -- 8; 2 -- 10; 2 -- 11; 3 -- 7; 3 -- 9; 3 -- 10;
    3 -- 11; 4 -- 7; 4 -- 9; 4 -- 10; 4 -- 11; 5 -- 8; 5 -- 9; 5 -- 10;
    5 -- 11; 6 -- 8; 6 -- 9; 6 -- 10; 6 -- 11;
    [[7, 8, 9, 10, 11], [7, 8, 10, 11], [7, 8, 10, 11], [7, 9, 10, 11], [7, 9, 10, 11], [8, 9, 10, 11], [8, 9, 10, 11], [0, 1, 2, 3, 4], [0, 1, 2, 5, 6], [0, 3, 4, 5, 6], [0, 1, 2, 3, 4, 5, 6], [0, 1, 2, 3, 4, 5, 6]]
}

R^BIP_3(8,8) = 13
2 extremal graph(s)
running time:16.88002920150757sec
