Finding R^BIP_3(6,8)

Order & number of counterexample graphs:
0 1
1 1
2 2
3 3
4 7
5 13
6 6
7 2
8 0

2 extremal graph(s):

graph r3_6_8e1 {
    0; 1; 2; 3; 4; 5; 6;
    0 -- 5; 0 -- 6; 1 -- 5; 1 -- 6; 2 -- 5; 2 -- 6; 3 -- 5; 3 -- 6;
    4 -- 6;
    [[5, 6], [5, 6], [5, 6], [5, 6], [6], [0, 1, 2, 3], [0, 1, 2, 3, 4]]
}

graph r3_6_8e2 {
    0; 1; 2; 3; 4; 5; 6;
    0 -- 5; 0 -- 6; 1 -- 5; 1 -- 6; 2 -- 5; 2 -- 6; 3 -- 5; 3 -- 6;
    4 -- 5; 4 -- 6;
    [[5, 6], [5, 6], [5, 6], [5, 6], [5, 6], [0, 1, 2, 3, 4], [0, 1, 2, 3, 4]]
}

R^BIP_3(6,8) = 8
2 extremal graph(s)
running time:0.018925189971923828sec
