Finding R^BIP_3(9,6)

Order & number of counterexample graphs:
0 1
1 1
2 2
3 3
4 7
5 13
6 30
7 67
8 172
9 251
10 52
11 1
12 0

1 extremal graph(s):

graph r3_9_6e1 {
    0; 1; 2; 3; 4; 5; 6; 7; 8; 9; 10;
    0 -- 8; 0 -- 10; 1 -- 8; 1 -- 10; 2 -- 8; 2 -- 10; 3 -- 8; 4 -- 9;
    4 -- 10; 5 -- 9; 5 -- 10; 6 -- 9; 6 -- 10; 7 -- 9;
    [[8, 10], [8, 10], [8, 10], [8], [9, 10], [9, 10], [9, 10], [9], [0, 1, 2, 3], [4, 5, 6, 7], [0, 1, 2, 4, 5, 6]]
}

R^BIP_3(9,6) = 12
1 extremal graph(s)
running time:8.349711418151855sec
