Finding R^BIP_3(7,8)

Order & number of counterexample graphs:
0 1
1 1
2 2
3 3
4 7
5 13
6 35
7 33
8 25
9 10
10 0

10 extremal graph(s):

graph r3_7_8e1 {
    0; 1; 2; 3; 4; 5; 6; 7; 8;
    0 -- 6; 0 -- 7; 0 -- 8; 1 -- 6; 1 -- 7; 1 -- 8; 2 -- 6; 2 -- 7;
    2 -- 8; 3 -- 6; 3 -- 7; 3 -- 8; 4 -- 7; 4 -- 8; 5 -- 8;
    [[6, 7, 8], [6, 7, 8], [6, 7, 8], [6, 7, 8], [7, 8], [8], [0, 1, 2, 3], [0, 1, 2, 3, 4], [0, 1, 2, 3, 4, 5]]
}

graph r3_7_8e2 {
    0; 1; 2; 3; 4; 5; 6; 7; 8;
    0 -- 6; 0 -- 7; 0 -- 8; 1 -- 6; 1 -- 7; 1 -- 8; 2 -- 6; 2 -- 7;
    2 -- 8; 3 -- 6; 3 -- 8; 4 -- 7; 4 -- 8; 5 -- 7; 5 -- 8;
    [[6, 7, 8], [6, 7, 8], [6, 7, 8], [6, 8], [7, 8], [7, 8], [0, 1, 2, 3], [0, 1, 2, 4, 5], [0, 1, 2, 3, 4, 5]]
}

graph r3_7_8e3 {
    0; 1; 2; 3; 4; 5; 6; 7; 8;
    0 -- 6; 0 -- 7; 0 -- 8; 1 -- 6; 1 -- 7; 1 -- 8; 2 -- 6; 2 -- 7;
    2 -- 8; 3 -- 6; 3 -- 7; 3 -- 8; 4 -- 7; 4 -- 8; 5 -- 7; 5 -- 8;
    [[6, 7, 8], [6, 7, 8], [6, 7, 8], [6, 7, 8], [7, 8], [7, 8], [0, 1, 2, 3], [0, 1, 2, 3, 4, 5], [0, 1, 2, 3, 4, 5]]
}

graph r3_7_8e4 {
    0; 1; 2; 3; 4; 5; 6; 7; 8;
    0 -- 6; 0 -- 7; 0 -- 8; 1 -- 6; 1 -- 7; 1 -- 8; 2 -- 6; 2 -- 7;
    2 -- 8; 3 -- 6; 3 -- 7; 3 -- 8; 4 -- 6; 4 -- 7; 4 -- 8; 5 -- 8;
    [[6, 7, 8], [6, 7, 8], [6, 7, 8], [6, 7, 8], [6, 7, 8], [8], [0, 1, 2, 3, 4], [0, 1, 2, 3, 4], [0, 1, 2, 3, 4, 5]]
}

graph r3_7_8e5 {
    0; 1; 2; 3; 4; 5; 6; 7; 8;
    0 -- 6; 0 -- 7; 0 -- 8; 1 -- 6; 1 -- 7; 1 -- 8; 2 -- 6; 2 -- 7;
    2 -- 8; 3 -- 6; 3 -- 7; 3 -- 8; 4 -- 6; 4 -- 8; 5 -- 7; 5 -- 8;
    [[6, 7, 8], [6, 7, 8], [6, 7, 8], [6, 7, 8], [6, 8], [7, 8], [0, 1, 2, 3, 4], [0, 1, 2, 3, 5], [0, 1, 2, 3, 4, 5]]
}

graph r3_7_8e6 {
    0; 1; 2; 3; 4; 5; 6; 7; 8;
    0 -- 6; 0 -- 7; 0 -- 8; 1 -- 6; 1 -- 7; 1 -- 8; 2 -- 6; 2 -- 7;
    2 -- 8; 3 -- 6; 3 -- 7; 3 -- 8; 4 -- 6; 4 -- 7; 4 -- 8; 5 -- 7;
    5 -- 8;
    [[6, 7, 8], [6, 7, 8], [6, 7, 8], [6, 7, 8], [6, 7, 8], [7, 8], [0, 1, 2, 3, 4], [0, 1, 2, 3, 4, 5], [0, 1, 2, 3, 4, 5]]
}

graph r3_7_8e7 {
    0; 1; 2; 3; 4; 5; 6; 7; 8;
    0 -- 6; 0 -- 7; 0 -- 8; 1 -- 6; 1 -- 7; 1 -- 8; 2 -- 6; 2 -- 7;
    2 -- 8; 3 -- 6; 3 -- 7; 3 -- 8; 4 -- 6; 4 -- 7; 4 -- 8; 5 -- 6;
    5 -- 7; 5 -- 8;
    [[6, 7, 8], [6, 7, 8], [6, 7, 8], [6, 7, 8], [6, 7, 8], [6, 7, 8], [0, 1, 2, 3, 4, 5], [0, 1, 2, 3, 4, 5], [0, 1, 2, 3, 4, 5]]
}

graph r3_7_8e8 {
    0; 1; 2; 3; 4; 5; 6; 7; 8;
    0 -- 5; 0 -- 6; 0 -- 7; 0 -- 8; 1 -- 5; 1 -- 6; 1 -- 7; 1 -- 8;
    2 -- 5; 2 -- 6; 2 -- 7; 2 -- 8; 3 -- 6; 3 -- 7; 3 -- 8; 4 -- 7;
    4 -- 8;
    [[5, 6, 7, 8], [5, 6, 7, 8], [5, 6, 7, 8], [6, 7, 8], [7, 8], [0, 1, 2], [0, 1, 2, 3], [0, 1, 2, 3, 4], [0, 1, 2, 3, 4]]
}

graph r3_7_8e9 {
    0; 1; 2; 3; 4; 5; 6; 7; 8;
    0 -- 5; 0 -- 6; 0 -- 7; 0 -- 8; 1 -- 5; 1 -- 6; 1 -- 7; 1 -- 8;
    2 -- 5; 2 -- 6; 2 -- 7; 2 -- 8; 3 -- 6; 3 -- 7; 3 -- 8; 4 -- 6;
    4 -- 7; 4 -- 8;
    [[5, 6, 7, 8], [5, 6, 7, 8], [5, 6, 7, 8], [6, 7, 8], [6, 7, 8], [0, 1, 2], [0, 1, 2, 3, 4], [0, 1, 2, 3, 4], [0, 1, 2, 3, 4]]
}

graph r3_7_8e10 {
    0; 1; 2; 3; 4; 5; 6; 7; 8;
    0 -- 5; 0 -- 6; 0 -- 7; 0 -- 8; 1 -- 5; 1 -- 6; 1 -- 7; 1 -- 8;
    2 -- 5; 2 -- 6; 2 -- 7; 2 -- 8; 3 -- 5; 3 -- 7; 3 -- 8; 4 -- 6;
    4 -- 7; 4 -- 8;
    [[5, 6, 7, 8], [5, 6, 7, 8], [5, 6, 7, 8], [5, 7, 8], [6, 7, 8], [0, 1, 2, 3], [0, 1, 2, 4], [0, 1, 2, 3, 4], [0, 1, 2, 3, 4]]
}

R^BIP_3(7,8) = 10
10 extremal graph(s)
running time:0.3191509246826172sec
