Finding R^BIP_3(6,6)

Order & number of counterexample graphs:
0 1
1 1
2 2
3 3
4 7
5 13
6 5
7 0

5 extremal graph(s):

graph r3_6_6e1 {
    0; 1; 2; 3; 4; 5;
    0 -- 5; 1 -- 5; 2 -- 5; 3 -- 5;
    [[5], [5], [5], [5], [], [0, 1, 2, 3]]
}

graph r3_6_6e2 {
    0; 1; 2; 3; 4; 5;
    0 -- 5; 1 -- 5; 2 -- 5; 3 -- 5; 4 -- 5;
    [[5], [5], [5], [5], [5], [0, 1, 2, 3, 4]]
}

graph r3_6_6e3 {
    0; 1; 2; 3; 4; 5;
    0 -- 4; 0 -- 5; 1 -- 5; 2 -- 5; 3 -- 5;
    [[4, 5], [5], [5], [5], [0], [0, 1, 2, 3]]
}

graph r3_6_6e4 {
    0; 1; 2; 3; 4; 5;
    0 -- 4; 0 -- 5; 1 -- 4; 1 -- 5; 2 -- 5; 3 -- 5;
    [[4, 5], [4, 5], [5], [5], [0, 1], [0, 1, 2, 3]]
}

graph r3_6_6e5 {
    0; 1; 2; 3; 4; 5;
    0 -- 4; 0 -- 5; 1 -- 4; 1 -- 5; 2 -- 4; 2 -- 5; 3 -- 5;
    [[4, 5], [4, 5], [4, 5], [5], [0, 1, 2], [0, 1, 2, 3]]
}

R^BIP_3(6,6) = 7
5 extremal graph(s)
running time:0.016948223114013672sec
