Finding R_2(5,6)

Order & number of counterexample graphs:
0 1
1 1
2 2
3 3
4 7
5 5
6 3
7 0

3 extremal graph(s):

graph r2_5_6e1 {
    0; 1; 2; 3; 4; 5;
    0 -- 4; 0 -- 5; 1 -- 4; 1 -- 5; 2 -- 4; 2 -- 5; 3 -- 5;
    [[4, 5], [4, 5], [4, 5], [5], [0, 1, 2], [0, 1, 2, 3]]
}

graph r2_5_6e2 {
    0; 1; 2; 3; 4; 5;
    0 -- 4; 0 -- 5; 1 -- 4; 1 -- 5; 2 -- 4; 2 -- 5; 3 -- 4; 3 -- 5;
    [[4, 5], [4, 5], [4, 5], [4, 5], [0, 1, 2, 3], [0, 1, 2, 3]]
}

graph r2_5_6e3 {
    0; 1; 2; 3; 4; 5;
    0 -- 3; 0 -- 4; 0 -- 5; 1 -- 3; 1 -- 4; 1 -- 5; 2 -- 4; 2 -- 5;
    [[3, 4, 5], [3, 4, 5], [4, 5], [0, 1], [0, 1, 2], [0, 1, 2]]
}

R^BIP_2(5,6) = 7
3 extremal graph(s)
running time:0.00900125503540039sec
