Finding R_2(7,6)

Order & number of counterexample graphs:
0 1
1 1
2 2
3 3
4 7
5 13
6 34
7 65
8 120
9 76
10 35
11 0

35 extremal graph(s):

graph r2_7_6e1 {
    0; 1; 2; 3; 4; 5; 6; 7; 8; 9;
    0 -- 6; 0 -- 8; 0 -- 9; 1 -- 6; 1 -- 8; 1 -- 9; 2 -- 6; 2 -- 8;
    3 -- 7; 3 -- 8; 3 -- 9; 4 -- 7; 4 -- 8; 4 -- 9; 5 -- 7; 5 -- 9;
    [[6, 8, 9], [6, 8, 9], [6, 8], [7, 8, 9], [7, 8, 9], [7, 9], [0, 1, 2], [3, 4, 5], [0, 1, 2, 3, 4], [0, 1, 3, 4, 5]]
}

graph r2_7_6e2 {
    0; 1; 2; 3; 4; 5; 6; 7; 8; 9;
    0 -- 6; 0 -- 7; 0 -- 8; 0 -- 9; 1 -- 6; 1 -- 7; 1 -- 8; 2 -- 6;
    2 -- 7; 2 -- 9; 3 -- 7; 3 -- 8; 3 -- 9; 4 -- 8; 4 -- 9; 5 -- 8;
    5 -- 9;
    [[6, 7, 8, 9], [6, 7, 8], [6, 7, 9], [7, 8, 9], [8, 9], [8, 9], [0, 1, 2], [0, 1, 2, 3], [0, 1, 3, 4, 5], [0, 2, 3, 4, 5]]
}

graph r2_7_6e3 {
    0; 1; 2; 3; 4; 5; 6; 7; 8; 9;
    0 -- 6; 0 -- 7; 0 -- 9; 1 -- 6; 1 -- 7; 1 -- 9; 2 -- 6; 2 -- 8;
    2 -- 9; 3 -- 7; 3 -- 8; 3 -- 9; 4 -- 7; 4 -- 8; 4 -- 9; 5 -- 8;
    [[6, 7, 9], [6, 7, 9], [6, 8, 9], [7, 8, 9], [7, 8, 9], [8], [0, 1, 2], [0, 1, 3, 4], [2, 3, 4, 5], [0, 1, 2, 3, 4]]
}

graph r2_7_6e4 {
    0; 1; 2; 3; 4; 5; 6; 7; 8; 9;
    0 -- 6; 0 -- 7; 0 -- 9; 1 -- 6; 1 -- 7; 1 -- 9; 2 -- 6; 2 -- 8;
    2 -- 9; 3 -- 7; 3 -- 8; 3 -- 9; 4 -- 7; 4 -- 8; 5 -- 8; 5 -- 9;
    [[6, 7, 9], [6, 7, 9], [6, 8, 9], [7, 8, 9], [7, 8], [8, 9], [0, 1, 2], [0, 1, 3, 4], [2, 3, 4, 5], [0, 1, 2, 3, 5]]
}

graph r2_7_6e5 {
    0; 1; 2; 3; 4; 5; 6; 7; 8; 9;
    0 -- 6; 0 -- 7; 0 -- 9; 1 -- 6; 1 -- 7; 1 -- 9; 2 -- 6; 2 -- 8;
    3 -- 7; 3 -- 8; 3 -- 9; 4 -- 7; 4 -- 8; 4 -- 9; 5 -- 8; 5 -- 9;
    [[6, 7, 9], [6, 7, 9], [6, 8], [7, 8, 9], [7, 8, 9], [8, 9], [0, 1, 2], [0, 1, 3, 4], [2, 3, 4, 5], [0, 1, 3, 4, 5]]
}

graph r2_7_6e6 {
    0; 1; 2; 3; 4; 5; 6; 7; 8; 9;
    0 -- 6; 0 -- 7; 0 -- 9; 1 -- 6; 1 -- 7; 2 -- 6; 2 -- 8; 2 -- 9;
    3 -- 7; 3 -- 8; 3 -- 9; 4 -- 7; 4 -- 8; 4 -- 9; 5 -- 8; 5 -- 9;
    [[6, 7, 9], [6, 7], [6, 8, 9], [7, 8, 9], [7, 8, 9], [8, 9], [0, 1, 2], [0, 1, 3, 4], [2, 3, 4, 5], [0, 2, 3, 4, 5]]
}

graph r2_7_6e7 {
    0; 1; 2; 3; 4; 5; 6; 7; 8; 9;
    0 -- 6; 0 -- 7; 0 -- 9; 1 -- 6; 1 -- 7; 1 -- 9; 2 -- 6; 2 -- 8;
    2 -- 9; 3 -- 7; 3 -- 8; 3 -- 9; 4 -- 7; 4 -- 8; 4 -- 9; 5 -- 8;
    5 -- 9;
    [[6, 7, 9], [6, 7, 9], [6, 8, 9], [7, 8, 9], [7, 8, 9], [8, 9], [0, 1, 2], [0, 1, 3, 4], [2, 3, 4, 5], [0, 1, 2, 3, 4, 5]]
}

graph r2_7_6e8 {
    0; 1; 2; 3; 4; 5; 6; 7; 8; 9;
    0 -- 6; 0 -- 7; 0 -- 8; 0 -- 9; 1 -- 6; 1 -- 7; 1 -- 8; 2 -- 6;
    2 -- 8; 2 -- 9; 3 -- 7; 3 -- 8; 3 -- 9; 4 -- 7; 4 -- 9; 5 -- 8;
    5 -- 9;
    [[6, 7, 8, 9], [6, 7, 8], [6, 8, 9], [7, 8, 9], [7, 9], [8, 9], [0, 1, 2], [0, 1, 3, 4], [0, 1, 2, 3, 5], [0, 2, 3, 4, 5]]
}

graph r2_7_6e9 {
    0; 1; 2; 3; 4; 5; 6; 7; 8; 9;
    0 -- 6; 0 -- 7; 0 -- 8; 1 -- 6; 1 -- 7; 1 -- 9; 2 -- 6; 2 -- 8;
    2 -- 9; 3 -- 7; 3 -- 8; 3 -- 9; 4 -- 7; 4 -- 8; 4 -- 9; 5 -- 8;
    5 -- 9;
    [[6, 7, 8], [6, 7, 9], [6, 8, 9], [7, 8, 9], [7, 8, 9], [8, 9], [0, 1, 2], [0, 1, 3, 4], [0, 2, 3, 4, 5], [1, 2, 3, 4, 5]]
}

graph r2_7_6e10 {
    0; 1; 2; 3; 4; 5; 6; 7; 8; 9;
    0 -- 6; 0 -- 7; 0 -- 9; 1 -- 6; 1 -- 8; 1 -- 9; 2 -- 6; 2 -- 9;
    3 -- 7; 3 -- 8; 3 -- 9; 4 -- 7; 4 -- 8; 4 -- 9; 5 -- 7; 5 -- 8;
    [[6, 7, 9], [6, 8, 9], [6, 9], [7, 8, 9], [7, 8, 9], [7, 8], [0, 1, 2], [0, 3, 4, 5], [1, 3, 4, 5], [0, 1, 2, 3, 4]]
}

graph r2_7_6e11 {
    0; 1; 2; 3; 4; 5; 6; 7; 8; 9;
    0 -- 6; 0 -- 7; 0 -- 8; 1 -- 6; 1 -- 8; 1 -- 9; 2 -- 6; 2 -- 8;
    2 -- 9; 3 -- 7; 3 -- 8; 3 -- 9; 4 -- 7; 4 -- 8; 4 -- 9; 5 -- 7;
    5 -- 9;
    [[6, 7, 8], [6, 8, 9], [6, 8, 9], [7, 8, 9], [7, 8, 9], [7, 9], [0, 1, 2], [0, 3, 4, 5], [0, 1, 2, 3, 4], [1, 2, 3, 4, 5]]
}

graph r2_7_6e12 {
    0; 1; 2; 3; 4; 5; 6; 7; 8; 9;
    0 -- 6; 0 -- 7; 0 -- 8; 1 -- 6; 1 -- 7; 1 -- 9; 2 -- 6; 2 -- 7;
    3 -- 6; 3 -- 8; 3 -- 9; 4 -- 7; 4 -- 8; 4 -- 9; 5 -- 8; 5 -- 9;
    [[6, 7, 8], [6, 7, 9], [6, 7], [6, 8, 9], [7, 8, 9], [8, 9], [0, 1, 2, 3], [0, 1, 2, 4], [0, 3, 4, 5], [1, 3, 4, 5]]
}

graph r2_7_6e13 {
    0; 1; 2; 3; 4; 5; 6; 7; 8; 9;
    0 -- 6; 0 -- 7; 0 -- 8; 0 -- 9; 1 -- 6; 1 -- 7; 1 -- 9; 2 -- 6;
    2 -- 7; 3 -- 6; 3 -- 8; 3 -- 9; 4 -- 7; 4 -- 8; 4 -- 9; 5 -- 8;
    5 -- 9;
    [[6, 7, 8, 9], [6, 7, 9], [6, 7], [6, 8, 9], [7, 8, 9], [8, 9], [0, 1, 2, 3], [0, 1, 2, 4], [0, 3, 4, 5], [0, 1, 3, 4, 5]]
}

graph r2_7_6e14 {
    0; 1; 2; 3; 4; 5; 6; 7; 8; 9;
    0 -- 6; 0 -- 7; 0 -- 8; 1 -- 6; 1 -- 7; 1 -- 9; 2 -- 6; 2 -- 7;
    2 -- 9; 3 -- 6; 3 -- 8; 3 -- 9; 4 -- 7; 4 -- 8; 4 -- 9; 5 -- 8;
    5 -- 9;
    [[6, 7, 8], [6, 7, 9], [6, 7, 9], [6, 8, 9], [7, 8, 9], [8, 9], [0, 1, 2, 3], [0, 1, 2, 4], [0, 3, 4, 5], [1, 2, 3, 4, 5]]
}

graph r2_7_6e15 {
    0; 1; 2; 3; 4; 5; 6; 7; 8; 9;
    0 -- 6; 0 -- 7; 0 -- 8; 0 -- 9; 1 -- 6; 1 -- 7; 1 -- 8; 2 -- 6;
    2 -- 7; 2 -- 9; 3 -- 6; 3 -- 8; 3 -- 9; 4 -- 7; 4 -- 8; 4 -- 9;
    5 -- 8; 5 -- 9;
    [[6, 7, 8, 9], [6, 7, 8], [6, 7, 9], [6, 8, 9], [7, 8, 9], [8, 9], [0, 1, 2, 3], [0, 1, 2, 4], [0, 1, 3, 4, 5], [0, 2, 3, 4, 5]]
}

graph r2_7_6e16 {
    0; 1; 2; 3; 4; 5; 6; 7; 8; 9;
    0 -- 6; 0 -- 7; 0 -- 9; 1 -- 6; 1 -- 7; 1 -- 9; 2 -- 6; 2 -- 8;
    2 -- 9; 3 -- 6; 3 -- 8; 3 -- 9; 4 -- 7; 4 -- 8; 4 -- 9; 5 -- 7;
    5 -- 8;
    [[6, 7, 9], [6, 7, 9], [6, 8, 9], [6, 8, 9], [7, 8, 9], [7, 8], [0, 1, 2, 3], [0, 1, 4, 5], [2, 3, 4, 5], [0, 1, 2, 3, 4]]
}

graph r2_7_6e17 {
    0; 1; 2; 3; 4; 5; 6; 7; 8; 9;
    0 -- 6; 0 -- 7; 0 -- 9; 1 -- 6; 1 -- 7; 1 -- 9; 2 -- 6; 2 -- 8;
    2 -- 9; 3 -- 6; 3 -- 8; 3 -- 9; 4 -- 7; 4 -- 8; 4 -- 9; 5 -- 7;
    5 -- 8; 5 -- 9;
    [[6, 7, 9], [6, 7, 9], [6, 8, 9], [6, 8, 9], [7, 8, 9], [7, 8, 9], [0, 1, 2, 3], [0, 1, 4, 5], [2, 3, 4, 5], [0, 1, 2, 3, 4, 5]]
}

graph r2_7_6e18 {
    0; 1; 2; 3; 4; 5; 6; 7; 8; 9;
    0 -- 6; 0 -- 7; 0 -- 8; 1 -- 6; 1 -- 7; 1 -- 9; 2 -- 6; 2 -- 8;
    2 -- 9; 3 -- 6; 3 -- 8; 3 -- 9; 4 -- 7; 4 -- 8; 4 -- 9; 5 -- 7;
    5 -- 8; 5 -- 9;
    [[6, 7, 8], [6, 7, 9], [6, 8, 9], [6, 8, 9], [7, 8, 9], [7, 8, 9], [0, 1, 2, 3], [0, 1, 4, 5], [0, 2, 3, 4, 5], [1, 2, 3, 4, 5]]
}

graph r2_7_6e19 {
    0; 1; 2; 3; 4; 5; 6; 7; 8; 9;
    0 -- 5; 0 -- 6; 0 -- 7; 0 -- 8; 1 -- 5; 1 -- 6; 1 -- 7; 1 -- 9;
    2 -- 6; 2 -- 8; 2 -- 9; 3 -- 7; 3 -- 8; 3 -- 9; 4 -- 8; 4 -- 9;
    [[5, 6, 7, 8], [5, 6, 7, 9], [6, 8, 9], [7, 8, 9], [8, 9], [0, 1], [0, 1, 2], [0, 1, 3], [0, 2, 3, 4], [1, 2, 3, 4]]
}

graph r2_7_6e20 {
    0; 1; 2; 3; 4; 5; 6; 7; 8; 9;
    0 -- 5; 0 -- 6; 0 -- 7; 0 -- 8; 0 -- 9; 1 -- 5; 1 -- 6; 1 -- 7;
    1 -- 9; 2 -- 6; 2 -- 8; 2 -- 9; 3 -- 7; 3 -- 8; 3 -- 9; 4 -- 8;
    4 -- 9;
    [[5, 6, 7, 8, 9], [5, 6, 7, 9], [6, 8, 9], [7, 8, 9], [8, 9], [0, 1], [0, 1, 2], [0, 1, 3], [0, 2, 3, 4], [0, 1, 2, 3, 4]]
}

graph r2_7_6e21 {
    0; 1; 2; 3; 4; 5; 6; 7; 8; 9;
    0 -- 5; 0 -- 6; 0 -- 7; 0 -- 8; 1 -- 5; 1 -- 6; 1 -- 7; 1 -- 9;
    2 -- 6; 2 -- 7; 2 -- 8; 2 -- 9; 3 -- 7; 3 -- 8; 3 -- 9; 4 -- 8;
    4 -- 9;
    [[5, 6, 7, 8], [5, 6, 7, 9], [6, 7, 8, 9], [7, 8, 9], [8, 9], [0, 1], [0, 1, 2], [0, 1, 2, 3], [0, 2, 3, 4], [1, 2, 3, 4]]
}

graph r2_7_6e22 {
    0; 1; 2; 3; 4; 5; 6; 7; 8; 9;
    0 -- 5; 0 -- 6; 0 -- 7; 0 -- 8; 1 -- 5; 1 -- 6; 1 -- 7; 1 -- 9;
    2 -- 6; 2 -- 8; 2 -- 9; 3 -- 7; 3 -- 8; 3 -- 9; 4 -- 7; 4 -- 8;
    4 -- 9;
    [[5, 6, 7, 8], [5, 6, 7, 9], [6, 8, 9], [7, 8, 9], [7, 8, 9], [0, 1], [0, 1, 2], [0, 1, 3, 4], [0, 2, 3, 4], [1, 2, 3, 4]]
}

graph r2_7_6e23 {
    0; 1; 2; 3; 4; 5; 6; 7; 8; 9;
    0 -- 5; 0 -- 6; 0 -- 7; 0 -- 8; 1 -- 5; 1 -- 7; 1 -- 8; 1 -- 9;
    2 -- 6; 2 -- 7; 2 -- 8; 2 -- 9; 3 -- 6; 3 -- 7; 3 -- 9; 4 -- 8;
    4 -- 9;
    [[5, 6, 7, 8], [5, 7, 8, 9], [6, 7, 8, 9], [6, 7, 9], [8, 9], [0, 1], [0, 2, 3], [0, 1, 2, 3], [0, 1, 2, 4], [1, 2, 3, 4]]
}

graph r2_7_6e24 {
    0; 1; 2; 3; 4; 5; 6; 7; 8; 9;
    0 -- 5; 0 -- 7; 0 -- 8; 0 -- 9; 1 -- 5; 1 -- 7; 1 -- 8; 2 -- 6;
    2 -- 7; 2 -- 8; 2 -- 9; 3 -- 6; 3 -- 7; 3 -- 9; 4 -- 6; 4 -- 8;
    4 -- 9;
    [[5, 7, 8, 9], [5, 7, 8], [6, 7, 8, 9], [6, 7, 9], [6, 8, 9], [0, 1], [2, 3, 4], [0, 1, 2, 3], [0, 1, 2, 4], [0, 2, 3, 4]]
}

graph r2_7_6e25 {
    0; 1; 2; 3; 4; 5; 6; 7; 8; 9;
    0 -- 5; 0 -- 6; 0 -- 7; 0 -- 8; 1 -- 5; 1 -- 6; 1 -- 7; 1 -- 9;
    2 -- 6; 2 -- 7; 2 -- 8; 2 -- 9; 3 -- 6; 3 -- 8; 3 -- 9; 4 -- 7;
    4 -- 8; 4 -- 9;
    [[5, 6, 7, 8], [5, 6, 7, 9], [6, 7, 8, 9], [6, 8, 9], [7, 8, 9], [0, 1], [0, 1, 2, 3], [0, 1, 2, 4], [0, 2, 3, 4], [1, 2, 3, 4]]
}

graph r2_7_6e26 {
    0; 1; 2; 3; 4; 5; 6; 7; 8; 9;
    0 -- 5; 0 -- 6; 0 -- 7; 0 -- 8; 1 -- 5; 1 -- 6; 1 -- 7; 1 -- 9;
    2 -- 5; 2 -- 6; 2 -- 8; 2 -- 9; 3 -- 7; 3 -- 8; 3 -- 9; 4 -- 7;
    4 -- 8; 4 -- 9;
    [[5, 6, 7, 8], [5, 6, 7, 9], [5, 6, 8, 9], [7, 8, 9], [7, 8, 9], [0, 1, 2], [0, 1, 2], [0, 1, 3, 4], [0, 2, 3, 4], [1, 2, 3, 4]]
}

graph r2_7_6e27 {
    0; 1; 2; 3; 4; 5; 6; 7; 8; 9;
    0 -- 5; 0 -- 6; 0 -- 7; 0 -- 9; 1 -- 5; 1 -- 6; 1 -- 7; 2 -- 5;
    2 -- 8; 2 -- 9; 3 -- 6; 3 -- 8; 3 -- 9; 4 -- 7; 4 -- 8; 4 -- 9;
    [[5, 6, 7, 9], [5, 6, 7], [5, 8, 9], [6, 8, 9], [7, 8, 9], [0, 1, 2], [0, 1, 3], [0, 1, 4], [2, 3, 4], [0, 2, 3, 4]]
}

graph r2_7_6e28 {
    0; 1; 2; 3; 4; 5; 6; 7; 8; 9;
    0 -- 5; 0 -- 6; 0 -- 7; 0 -- 9; 1 -- 5; 1 -- 6; 1 -- 7; 1 -- 9;
    2 -- 5; 2 -- 8; 2 -- 9; 3 -- 6; 3 -- 8; 3 -- 9; 4 -- 7; 4 -- 8;
    4 -- 9;
    [[5, 6, 7, 9], [5, 6, 7, 9], [5, 8, 9], [6, 8, 9], [7, 8, 9], [0, 1, 2], [0, 1, 3], [0, 1, 4], [2, 3, 4], [0, 1, 2, 3, 4]]
}

graph r2_7_6e29 {
    0; 1; 2; 3; 4; 5; 6; 7; 8; 9;
    0 -- 5; 0 -- 6; 0 -- 7; 0 -- 8; 1 -- 5; 1 -- 6; 1 -- 7; 1 -- 9;
    2 -- 5; 2 -- 8; 2 -- 9; 3 -- 6; 3 -- 8; 3 -- 9; 4 -- 7; 4 -- 8;
    4 -- 9;
    [[5, 6, 7, 8], [5, 6, 7, 9], [5, 8, 9], [6, 8, 9], [7, 8, 9], [0, 1, 2], [0, 1, 3], [0, 1, 4], [0, 2, 3, 4], [1, 2, 3, 4]]
}

graph r2_7_6e30 {
    0; 1; 2; 3; 4; 5; 6; 7; 8; 9;
    0 -- 5; 0 -- 6; 0 -- 7; 0 -- 8; 0 -- 9; 1 -- 5; 1 -- 6; 1 -- 7;
    1 -- 9; 2 -- 5; 2 -- 8; 2 -- 9; 3 -- 6; 3 -- 8; 3 -- 9; 4 -- 7;
    4 -- 8; 4 -- 9;
    [[5, 6, 7, 8, 9], [5, 6, 7, 9], [5, 8, 9], [6, 8, 9], [7, 8, 9], [0, 1, 2], [0, 1, 3], [0, 1, 4], [0, 2, 3, 4], [0, 1, 2, 3, 4]]
}

graph r2_7_6e31 {
    0; 1; 2; 3; 4; 5; 6; 7; 8; 9;
    0 -- 5; 0 -- 6; 0 -- 8; 0 -- 9; 1 -- 5; 1 -- 6; 1 -- 8; 2 -- 5;
    2 -- 7; 2 -- 8; 2 -- 9; 3 -- 6; 3 -- 7; 3 -- 9; 4 -- 7; 4 -- 8;
    4 -- 9;
    [[5, 6, 8, 9], [5, 6, 8], [5, 7, 8, 9], [6, 7, 9], [7, 8, 9], [0, 1, 2], [0, 1, 3], [2, 3, 4], [0, 1, 2, 4], [0, 2, 3, 4]]
}

graph r2_7_6e32 {
    0; 1; 2; 3; 4; 5; 6; 7; 8; 9;
    0 -- 5; 0 -- 6; 0 -- 7; 0 -- 8; 1 -- 5; 1 -- 6; 1 -- 7; 1 -- 9;
    2 -- 5; 2 -- 7; 2 -- 8; 2 -- 9; 3 -- 6; 3 -- 8; 3 -- 9; 4 -- 7;
    4 -- 8; 4 -- 9;
    [[5, 6, 7, 8], [5, 6, 7, 9], [5, 7, 8, 9], [6, 8, 9], [7, 8, 9], [0, 1, 2], [0, 1, 3], [0, 1, 2, 4], [0, 2, 3, 4], [1, 2, 3, 4]]
}

graph r2_7_6e33 {
    0; 1; 2; 3; 4; 5; 6; 7; 8; 9;
    0 -- 5; 0 -- 6; 0 -- 7; 0 -- 8; 1 -- 5; 1 -- 7; 1 -- 8; 1 -- 9;
    2 -- 5; 2 -- 7; 2 -- 9; 3 -- 6; 3 -- 7; 3 -- 8; 3 -- 9; 4 -- 6;
    4 -- 8; 4 -- 9;
    [[5, 6, 7, 8], [5, 7, 8, 9], [5, 7, 9], [6, 7, 8, 9], [6, 8, 9], [0, 1, 2], [0, 3, 4], [0, 1, 2, 3], [0, 1, 3, 4], [1, 2, 3, 4]]
}

graph r2_7_6e34 {
    0; 1; 2; 3; 4; 5; 6; 7; 8; 9;
    0 -- 5; 0 -- 6; 0 -- 7; 0 -- 8; 1 -- 5; 1 -- 6; 1 -- 7; 1 -- 9;
    2 -- 5; 2 -- 6; 2 -- 8; 2 -- 9; 3 -- 6; 3 -- 7; 3 -- 8; 3 -- 9;
    4 -- 7; 4 -- 8; 4 -- 9;
    [[5, 6, 7, 8], [5, 6, 7, 9], [5, 6, 8, 9], [6, 7, 8, 9], [7, 8, 9], [0, 1, 2], [0, 1, 2, 3], [0, 1, 3, 4], [0, 2, 3, 4], [1, 2, 3, 4]]
}

graph r2_7_6e35 {
    0; 1; 2; 3; 4; 5; 6; 7; 8; 9;
    0 -- 5; 0 -- 6; 0 -- 7; 0 -- 8; 1 -- 5; 1 -- 6; 1 -- 7; 1 -- 9;
    2 -- 5; 2 -- 6; 2 -- 8; 2 -- 9; 3 -- 5; 3 -- 7; 3 -- 8; 3 -- 9;
    4 -- 6; 4 -- 7; 4 -- 8; 4 -- 9;
    [[5, 6, 7, 8], [5, 6, 7, 9], [5, 6, 8, 9], [5, 7, 8, 9], [6, 7, 8, 9], [0, 1, 2, 3], [0, 1, 2, 4], [0, 1, 3, 4], [0, 2, 3, 4], [1, 2, 3, 4]]
}

R^BIP_2(7,6) = 11
35 extremal graph(s)
running time:4.139931917190552sec
