Finding R_2(8,5)

Order & number of counterexample graphs:
0 1
1 1
2 2
3 3
4 7
5 12
6 29
7 63
8 147
9 178
10 56
11 0

56 extremal graph(s):

graph r2_8_5e1 {
    0; 1; 2; 3; 4; 5; 6; 7; 8; 9;
    0 -- 7; 0 -- 9; 1 -- 7; 1 -- 9; 2 -- 7; 3 -- 8; 3 -- 9; 4 -- 8;
    4 -- 9; 5 -- 8; 6 -- 9;
    [[7, 9], [7, 9], [7], [8, 9], [8, 9], [8], [9], [0, 1, 2], [3, 4, 5], [0, 1, 3, 4, 6]]
}

graph r2_8_5e2 {
    0; 1; 2; 3; 4; 5; 6; 7; 8; 9;
    0 -- 7; 0 -- 8; 0 -- 9; 1 -- 7; 1 -- 8; 2 -- 7; 2 -- 9; 3 -- 8;
    4 -- 8; 5 -- 9; 6 -- 9;
    [[7, 8, 9], [7, 8], [7, 9], [8], [8], [9], [9], [0, 1, 2], [0, 1, 3, 4], [0, 2, 5, 6]]
}

graph r2_8_5e3 {
    0; 1; 2; 3; 4; 5; 6; 7; 8; 9;
    0 -- 7; 0 -- 8; 1 -- 7; 1 -- 8; 2 -- 7; 2 -- 9; 3 -- 8; 3 -- 9;
    4 -- 8; 4 -- 9; 5 -- 9;
    [[7, 8], [7, 8], [7, 9], [8, 9], [8, 9], [9], [], [0, 1, 2], [0, 1, 3, 4], [2, 3, 4, 5]]
}

graph r2_8_5e4 {
    0; 1; 2; 3; 4; 5; 6; 7; 8; 9;
    0 -- 7; 0 -- 8; 1 -- 7; 1 -- 8; 2 -- 7; 2 -- 9; 3 -- 8; 3 -- 9;
    4 -- 8; 5 -- 9; 6 -- 9;
    [[7, 8], [7, 8], [7, 9], [8, 9], [8], [9], [9], [0, 1, 2], [0, 1, 3, 4], [2, 3, 5, 6]]
}

graph r2_8_5e5 {
    0; 1; 2; 3; 4; 5; 6; 7; 8; 9;
    0 -- 7; 0 -- 8; 1 -- 7; 1 -- 8; 2 -- 7; 3 -- 8; 3 -- 9; 4 -- 8;
    4 -- 9; 5 -- 9; 6 -- 9;
    [[7, 8], [7, 8], [7], [8, 9], [8, 9], [9], [9], [0, 1, 2], [0, 1, 3, 4], [3, 4, 5, 6]]
}

graph r2_8_5e6 {
    0; 1; 2; 3; 4; 5; 6; 7; 8; 9;
    0 -- 7; 0 -- 8; 0 -- 9; 1 -- 7; 1 -- 8; 2 -- 7; 2 -- 9; 3 -- 8;
    3 -- 9; 4 -- 8; 5 -- 9; 6 -- 9;
    [[7, 8, 9], [7, 8], [7, 9], [8, 9], [8], [9], [9], [0, 1, 2], [0, 1, 3, 4], [0, 2, 3, 5, 6]]
}

graph r2_8_5e7 {
    0; 1; 2; 3; 4; 5; 6; 7; 8; 9;
    0 -- 7; 0 -- 8; 1 -- 7; 1 -- 8; 2 -- 7; 2 -- 9; 3 -- 8; 3 -- 9;
    4 -- 8; 4 -- 9; 5 -- 9; 6 -- 9;
    [[7, 8], [7, 8], [7, 9], [8, 9], [8, 9], [9], [9], [0, 1, 2], [0, 1, 3, 4], [2, 3, 4, 5, 6]]
}

graph r2_8_5e8 {
    0; 1; 2; 3; 4; 5; 6; 7; 8; 9;
    0 -- 7; 0 -- 8; 1 -- 7; 1 -- 9; 2 -- 7; 3 -- 8; 3 -- 9; 4 -- 8;
    4 -- 9; 5 -- 8; 6 -- 9;
    [[7, 8], [7, 9], [7], [8, 9], [8, 9], [8], [9], [0, 1, 2], [0, 3, 4, 5], [1, 3, 4, 6]]
}

graph r2_8_5e9 {
    0; 1; 2; 3; 4; 5; 6; 7; 8; 9;
    0 -- 7; 0 -- 8; 1 -- 7; 1 -- 9; 2 -- 7; 2 -- 9; 3 -- 8; 3 -- 9;
    4 -- 8; 4 -- 9; 5 -- 8; 6 -- 9;
    [[7, 8], [7, 9], [7, 9], [8, 9], [8, 9], [8], [9], [0, 1, 2], [0, 3, 4, 5], [1, 2, 3, 4, 6]]
}

graph r2_8_5e10 {
    0; 1; 2; 3; 4; 5; 6; 7; 8; 9;
    0 -- 7; 0 -- 8; 0 -- 9; 1 -- 7; 1 -- 8; 2 -- 7; 2 -- 9; 3 -- 7;
    4 -- 8; 4 -- 9; 5 -- 8; 6 -- 9;
    [[7, 8, 9], [7, 8], [7, 9], [7], [8, 9], [8], [9], [0, 1, 2, 3], [0, 1, 4, 5], [0, 2, 4, 6]]
}

graph r2_8_5e11 {
    0; 1; 2; 3; 4; 5; 6; 7; 8; 9;
    0 -- 7; 0 -- 8; 1 -- 7; 1 -- 8; 2 -- 7; 2 -- 9; 3 -- 7; 3 -- 9;
    4 -- 8; 4 -- 9; 5 -- 8; 5 -- 9;
    [[7, 8], [7, 8], [7, 9], [7, 9], [8, 9], [8, 9], [], [0, 1, 2, 3], [0, 1, 4, 5], [2, 3, 4, 5]]
}

graph r2_8_5e12 {
    0; 1; 2; 3; 4; 5; 6; 7; 8; 9;
    0 -- 7; 0 -- 8; 1 -- 7; 1 -- 8; 2 -- 7; 2 -- 9; 3 -- 7; 3 -- 9;
    4 -- 8; 4 -- 9; 5 -- 8; 6 -- 9;
    [[7, 8], [7, 8], [7, 9], [7, 9], [8, 9], [8], [9], [0, 1, 2, 3], [0, 1, 4, 5], [2, 3, 4, 6]]
}

graph r2_8_5e13 {
    0; 1; 2; 3; 4; 5; 6; 7; 8; 9;
    0 -- 7; 0 -- 8; 1 -- 7; 1 -- 8; 2 -- 7; 2 -- 9; 3 -- 7; 3 -- 9;
    4 -- 8; 4 -- 9; 5 -- 8; 5 -- 9; 6 -- 9;
    [[7, 8], [7, 8], [7, 9], [7, 9], [8, 9], [8, 9], [9], [0, 1, 2, 3], [0, 1, 4, 5], [2, 3, 4, 5, 6]]
}

graph r2_8_5e14 {
    0; 1; 2; 3; 4; 5; 6; 7; 8; 9;
    0 -- 6; 0 -- 7; 0 -- 8; 1 -- 7; 1 -- 8; 1 -- 9; 2 -- 7; 2 -- 9;
    3 -- 8; 3 -- 9; 4 -- 8; 5 -- 9;
    [[6, 7, 8], [7, 8, 9], [7, 9], [8, 9], [8], [9], [0], [0, 1, 2], [0, 1, 3, 4], [1, 2, 3, 5]]
}

graph r2_8_5e15 {
    0; 1; 2; 3; 4; 5; 6; 7; 8; 9;
    0 -- 6; 0 -- 7; 0 -- 8; 1 -- 7; 1 -- 8; 2 -- 7; 2 -- 9; 3 -- 8;
    3 -- 9; 4 -- 8; 4 -- 9; 5 -- 9;
    [[6, 7, 8], [7, 8], [7, 9], [8, 9], [8, 9], [9], [0], [0, 1, 2], [0, 1, 3, 4], [2, 3, 4, 5]]
}

graph r2_8_5e16 {
    0; 1; 2; 3; 4; 5; 6; 7; 8; 9;
    0 -- 6; 0 -- 7; 0 -- 8; 1 -- 7; 1 -- 9; 2 -- 7; 2 -- 9; 3 -- 8;
    3 -- 9; 4 -- 8; 4 -- 9; 5 -- 8;
    [[6, 7, 8], [7, 9], [7, 9], [8, 9], [8, 9], [8], [0], [0, 1, 2], [0, 3, 4, 5], [1, 2, 3, 4]]
}

graph r2_8_5e17 {
    0; 1; 2; 3; 4; 5; 6; 7; 8; 9;
    0 -- 6; 0 -- 8; 0 -- 9; 1 -- 7; 1 -- 8; 2 -- 7; 2 -- 8; 3 -- 7;
    3 -- 9; 4 -- 8; 4 -- 9; 5 -- 9;
    [[6, 8, 9], [7, 8], [7, 8], [7, 9], [8, 9], [9], [0], [1, 2, 3], [0, 1, 2, 4], [0, 3, 4, 5]]
}

graph r2_8_5e18 {
    0; 1; 2; 3; 4; 5; 6; 7; 8; 9;
    0 -- 6; 0 -- 8; 1 -- 7; 1 -- 8; 2 -- 7; 2 -- 9; 3 -- 7; 3 -- 9;
    4 -- 8; 4 -- 9; 5 -- 8; 5 -- 9;
    [[6, 8], [7, 8], [7, 9], [7, 9], [8, 9], [8, 9], [0], [1, 2, 3], [0, 1, 4, 5], [2, 3, 4, 5]]
}

graph r2_8_5e19 {
    0; 1; 2; 3; 4; 5; 6; 7; 8; 9;
    0 -- 6; 0 -- 7; 0 -- 8; 1 -- 7; 1 -- 8; 2 -- 7; 2 -- 9; 3 -- 7;
    3 -- 9; 4 -- 8; 4 -- 9; 5 -- 8; 5 -- 9;
    [[6, 7, 8], [7, 8], [7, 9], [7, 9], [8, 9], [8, 9], [0], [0, 1, 2, 3], [0, 1, 4, 5], [2, 3, 4, 5]]
}

graph r2_8_5e20 {
    0; 1; 2; 3; 4; 5; 6; 7; 8; 9;
    0 -- 6; 0 -- 7; 1 -- 6; 1 -- 7; 2 -- 7; 3 -- 8; 3 -- 9; 4 -- 8;
    4 -- 9; 5 -- 9; 6 -- 8; 7 -- 9;
    [[6, 7], [6, 7], [7], [8, 9], [8, 9], [9], [0, 1, 8], [0, 1, 2, 9], [3, 4, 6], [3, 4, 5, 7]]
}

graph r2_8_5e21 {
    0; 1; 2; 3; 4; 5; 6; 7; 8; 9;
    0 -- 6; 0 -- 7; 0 -- 8; 1 -- 6; 1 -- 7; 1 -- 9; 2 -- 7; 2 -- 8;
    2 -- 9; 3 -- 8; 3 -- 9; 4 -- 8; 5 -- 9;
    [[6, 7, 8], [6, 7, 9], [7, 8, 9], [8, 9], [8], [9], [0, 1], [0, 1, 2], [0, 2, 3, 4], [1, 2, 3, 5]]
}

graph r2_8_5e22 {
    0; 1; 2; 3; 4; 5; 6; 7; 8; 9;
    0 -- 6; 0 -- 7; 0 -- 8; 1 -- 6; 1 -- 7; 1 -- 9; 2 -- 7; 2 -- 8;
    3 -- 8; 3 -- 9; 4 -- 8; 4 -- 9; 5 -- 9;
    [[6, 7, 8], [6, 7, 9], [7, 8], [8, 9], [8, 9], [9], [0, 1], [0, 1, 2], [0, 2, 3, 4], [1, 3, 4, 5]]
}

graph r2_8_5e23 {
    0; 1; 2; 3; 4; 5; 6; 7; 8; 9;
    0 -- 6; 0 -- 7; 0 -- 8; 1 -- 6; 1 -- 8; 1 -- 9; 2 -- 7; 2 -- 8;
    2 -- 9; 3 -- 7; 3 -- 9; 4 -- 8; 5 -- 9;
    [[6, 7, 8], [6, 8, 9], [7, 8, 9], [7, 9], [8], [9], [0, 1], [0, 2, 3], [0, 1, 2, 4], [1, 2, 3, 5]]
}

graph r2_8_5e24 {
    0; 1; 2; 3; 4; 5; 6; 7; 8; 9;
    0 -- 6; 0 -- 7; 0 -- 8; 1 -- 6; 1 -- 8; 1 -- 9; 2 -- 7; 2 -- 8;
    3 -- 7; 3 -- 9; 4 -- 8; 4 -- 9; 5 -- 9;
    [[6, 7, 8], [6, 8, 9], [7, 8], [7, 9], [8, 9], [9], [0, 1], [0, 2, 3], [0, 1, 2, 4], [1, 3, 4, 5]]
}

graph r2_8_5e25 {
    0; 1; 2; 3; 4; 5; 6; 7; 8; 9;
    0 -- 6; 0 -- 7; 0 -- 8; 1 -- 6; 1 -- 8; 2 -- 7; 2 -- 8; 2 -- 9;
    3 -- 7; 3 -- 9; 4 -- 8; 4 -- 9; 5 -- 9;
    [[6, 7, 8], [6, 8], [7, 8, 9], [7, 9], [8, 9], [9], [0, 1], [0, 2, 3], [0, 1, 2, 4], [2, 3, 4, 5]]
}

graph r2_8_5e26 {
    0; 1; 2; 3; 4; 5; 6; 7; 8; 9;
    0 -- 6; 0 -- 7; 0 -- 8; 1 -- 6; 1 -- 8; 1 -- 9; 2 -- 7; 2 -- 9;
    3 -- 7; 3 -- 9; 4 -- 8; 4 -- 9; 5 -- 8;
    [[6, 7, 8], [6, 8, 9], [7, 9], [7, 9], [8, 9], [8], [0, 1], [0, 2, 3], [0, 1, 4, 5], [1, 2, 3, 4]]
}

graph r2_8_5e27 {
    0; 1; 2; 3; 4; 5; 6; 7; 8; 9;
    0 -- 6; 0 -- 7; 0 -- 8; 1 -- 6; 1 -- 8; 2 -- 7; 2 -- 9; 3 -- 7;
    3 -- 9; 4 -- 8; 4 -- 9; 5 -- 8; 5 -- 9;
    [[6, 7, 8], [6, 8], [7, 9], [7, 9], [8, 9], [8, 9], [0, 1], [0, 2, 3], [0, 1, 4, 5], [2, 3, 4, 5]]
}

graph r2_8_5e28 {
    0; 1; 2; 3; 4; 5; 6; 7; 8; 9;
    0 -- 6; 0 -- 7; 0 -- 8; 1 -- 6; 1 -- 9; 2 -- 7; 2 -- 8; 2 -- 9;
    3 -- 7; 3 -- 9; 4 -- 8; 4 -- 9; 5 -- 8;
    [[6, 7, 8], [6, 9], [7, 8, 9], [7, 9], [8, 9], [8], [0, 1], [0, 2, 3], [0, 2, 4, 5], [1, 2, 3, 4]]
}

graph r2_8_5e29 {
    0; 1; 2; 3; 4; 5; 6; 7; 8; 9;
    0 -- 6; 0 -- 7; 0 -- 8; 1 -- 6; 1 -- 9; 2 -- 7; 2 -- 8; 3 -- 7;
    3 -- 9; 4 -- 8; 4 -- 9; 5 -- 8; 5 -- 9;
    [[6, 7, 8], [6, 9], [7, 8], [7, 9], [8, 9], [8, 9], [0, 1], [0, 2, 3], [0, 2, 4, 5], [1, 3, 4, 5]]
}

graph r2_8_5e30 {
    0; 1; 2; 3; 4; 5; 6; 7; 8; 9;
    0 -- 6; 0 -- 8; 0 -- 9; 1 -- 6; 1 -- 8; 2 -- 7; 2 -- 8; 3 -- 7;
    3 -- 9; 4 -- 7; 4 -- 9; 5 -- 8; 5 -- 9;
    [[6, 8, 9], [6, 8], [7, 8], [7, 9], [7, 9], [8, 9], [0, 1], [2, 3, 4], [0, 1, 2, 5], [0, 3, 4, 5]]
}

graph r2_8_5e31 {
    0; 1; 2; 3; 4; 5; 6; 7; 8; 9;
    0 -- 6; 0 -- 7; 0 -- 8; 1 -- 6; 1 -- 7; 1 -- 9; 2 -- 7; 2 -- 8;
    3 -- 7; 3 -- 9; 4 -- 8; 4 -- 9; 5 -- 8; 5 -- 9;
    [[6, 7, 8], [6, 7, 9], [7, 8], [7, 9], [8, 9], [8, 9], [0, 1], [0, 1, 2, 3], [0, 2, 4, 5], [1, 3, 4, 5]]
}

graph r2_8_5e32 {
    0; 1; 2; 3; 4; 5; 6; 7; 8; 9;
    0 -- 6; 0 -- 7; 0 -- 9; 1 -- 6; 1 -- 7; 2 -- 6; 2 -- 8; 2 -- 9;
    3 -- 7; 3 -- 8; 3 -- 9; 4 -- 8; 5 -- 9;
    [[6, 7, 9], [6, 7], [6, 8, 9], [7, 8, 9], [8], [9], [0, 1, 2], [0, 1, 3], [2, 3, 4], [0, 2, 3, 5]]
}

graph r2_8_5e33 {
    0; 1; 2; 3; 4; 5; 6; 7; 8; 9;
    0 -- 6; 0 -- 7; 0 -- 8; 1 -- 6; 1 -- 7; 1 -- 9; 2 -- 6; 2 -- 8;
    2 -- 9; 3 -- 7; 3 -- 8; 3 -- 9; 4 -- 8; 5 -- 9;
    [[6, 7, 8], [6, 7, 9], [6, 8, 9], [7, 8, 9], [8], [9], [0, 1, 2], [0, 1, 3], [0, 2, 3, 4], [1, 2, 3, 5]]
}

graph r2_8_5e34 {
    0; 1; 2; 3; 4; 5; 6; 7; 8; 9;
    0 -- 6; 0 -- 7; 0 -- 8; 1 -- 6; 1 -- 7; 1 -- 9; 2 -- 6; 2 -- 8;
    2 -- 9; 3 -- 7; 3 -- 8; 4 -- 8; 4 -- 9; 5 -- 9;
    [[6, 7, 8], [6, 7, 9], [6, 8, 9], [7, 8], [8, 9], [9], [0, 1, 2], [0, 1, 3], [0, 2, 3, 4], [1, 2, 4, 5]]
}

graph r2_8_5e35 {
    0; 1; 2; 3; 4; 5; 6; 7; 8; 9;
    0 -- 6; 0 -- 7; 0 -- 8; 1 -- 6; 1 -- 7; 1 -- 9; 2 -- 6; 2 -- 8;
    3 -- 7; 3 -- 9; 4 -- 8; 4 -- 9; 5 -- 8; 5 -- 9;
    [[6, 7, 8], [6, 7, 9], [6, 8], [7, 9], [8, 9], [8, 9], [0, 1, 2], [0, 1, 3], [0, 2, 4, 5], [1, 3, 4, 5]]
}

graph r2_8_5e36 {
    0; 1; 2; 3; 4; 5; 6; 7; 8; 9;
    0 -- 6; 0 -- 7; 0 -- 8; 1 -- 6; 1 -- 8; 1 -- 9; 2 -- 6; 2 -- 9;
    3 -- 7; 3 -- 8; 3 -- 9; 4 -- 7; 4 -- 9; 5 -- 8;
    [[6, 7, 8], [6, 8, 9], [6, 9], [7, 8, 9], [7, 9], [8], [0, 1, 2], [0, 3, 4], [0, 1, 3, 5], [1, 2, 3, 4]]
}

graph r2_8_5e37 {
    0; 1; 2; 3; 4; 5; 6; 7; 8; 9;
    0 -- 6; 0 -- 7; 0 -- 8; 1 -- 6; 1 -- 8; 1 -- 9; 2 -- 6; 2 -- 9;
    3 -- 7; 3 -- 8; 4 -- 7; 4 -- 9; 5 -- 8; 5 -- 9;
    [[6, 7, 8], [6, 8, 9], [6, 9], [7, 8], [7, 9], [8, 9], [0, 1, 2], [0, 3, 4], [0, 1, 3, 5], [1, 2, 4, 5]]
}

graph r2_8_5e38 {
    0; 1; 2; 3; 4; 5; 6; 7; 8; 9;
    0 -- 6; 0 -- 7; 0 -- 8; 1 -- 6; 1 -- 7; 1 -- 9; 2 -- 6; 2 -- 8;
    2 -- 9; 3 -- 7; 3 -- 8; 4 -- 7; 4 -- 9; 5 -- 8; 5 -- 9;
    [[6, 7, 8], [6, 7, 9], [6, 8, 9], [7, 8], [7, 9], [8, 9], [0, 1, 2], [0, 1, 3, 4], [0, 2, 3, 5], [1, 2, 4, 5]]
}

graph r2_8_5e39 {
    0; 1; 2; 3; 4; 5; 6; 7; 8; 9;
    0 -- 5; 0 -- 7; 0 -- 8; 0 -- 9; 1 -- 6; 1 -- 7; 1 -- 8; 2 -- 7;
    2 -- 9; 3 -- 8; 3 -- 9; 4 -- 9;
    [[5, 7, 8, 9], [6, 7, 8], [7, 9], [8, 9], [9], [0], [1], [0, 1, 2], [0, 1, 3], [0, 2, 3, 4]]
}

graph r2_8_5e40 {
    0; 1; 2; 3; 4; 5; 6; 7; 8; 9;
    0 -- 5; 0 -- 6; 0 -- 7; 0 -- 9; 1 -- 6; 1 -- 7; 1 -- 8; 2 -- 7;
    2 -- 8; 2 -- 9; 3 -- 8; 3 -- 9; 4 -- 9;
    [[5, 6, 7, 9], [6, 7, 8], [7, 8, 9], [8, 9], [9], [0], [0, 1], [0, 1, 2], [1, 2, 3], [0, 2, 3, 4]]
}

graph r2_8_5e41 {
    0; 1; 2; 3; 4; 5; 6; 7; 8; 9;
    0 -- 5; 0 -- 6; 0 -- 7; 0 -- 9; 1 -- 6; 1 -- 7; 1 -- 8; 2 -- 7;
    2 -- 9; 3 -- 8; 3 -- 9; 4 -- 8; 4 -- 9;
    [[5, 6, 7, 9], [6, 7, 8], [7, 9], [8, 9], [8, 9], [0], [0, 1], [0, 1, 2], [1, 3, 4], [0, 2, 3, 4]]
}

graph r2_8_5e42 {
    0; 1; 2; 3; 4; 5; 6; 7; 8; 9;
    0 -- 5; 0 -- 6; 0 -- 7; 0 -- 9; 1 -- 6; 1 -- 8; 1 -- 9; 2 -- 7;
    2 -- 8; 2 -- 9; 3 -- 7; 3 -- 8; 4 -- 9;
    [[5, 6, 7, 9], [6, 8, 9], [7, 8, 9], [7, 8], [9], [0], [0, 1], [0, 2, 3], [1, 2, 3], [0, 1, 2, 4]]
}

graph r2_8_5e43 {
    0; 1; 2; 3; 4; 5; 6; 7; 8; 9;
    0 -- 5; 0 -- 7; 1 -- 6; 1 -- 7; 2 -- 6; 2 -- 7; 3 -- 8; 3 -- 9;
    4 -- 8; 4 -- 9; 5 -- 9; 6 -- 8; 7 -- 9;
    [[5, 7], [6, 7], [6, 7], [8, 9], [8, 9], [0, 9], [1, 2, 8], [0, 1, 2, 9], [3, 4, 6], [3, 4, 5, 7]]
}

graph r2_8_5e44 {
    0; 1; 2; 3; 4; 5; 6; 7; 8; 9;
    0 -- 5; 0 -- 7; 0 -- 8; 0 -- 9; 1 -- 6; 1 -- 7; 1 -- 8; 2 -- 6;
    2 -- 9; 3 -- 7; 3 -- 9; 4 -- 8; 4 -- 9;
    [[5, 7, 8, 9], [6, 7, 8], [6, 9], [7, 9], [8, 9], [0], [1, 2], [0, 1, 3], [0, 1, 4], [0, 2, 3, 4]]
}

graph r2_8_5e45 {
    0; 1; 2; 3; 4; 5; 6; 7; 8; 9;
    0 -- 5; 0 -- 7; 0 -- 8; 1 -- 6; 1 -- 7; 1 -- 8; 1 -- 9; 2 -- 6;
    2 -- 9; 3 -- 7; 3 -- 9; 4 -- 8; 4 -- 9;
    [[5, 7, 8], [6, 7, 8, 9], [6, 9], [7, 9], [8, 9], [0], [1, 2], [0, 1, 3], [0, 1, 4], [1, 2, 3, 4]]
}

graph r2_8_5e46 {
    0; 1; 2; 3; 4; 5; 6; 7; 8; 9;
    0 -- 5; 0 -- 6; 0 -- 7; 0 -- 9; 1 -- 6; 1 -- 7; 1 -- 8; 2 -- 6;
    2 -- 8; 2 -- 9; 3 -- 7; 3 -- 8; 3 -- 9; 4 -- 9;
    [[5, 6, 7, 9], [6, 7, 8], [6, 8, 9], [7, 8, 9], [9], [0], [0, 1, 2], [0, 1, 3], [1, 2, 3], [0, 2, 3, 4]]
}

graph r2_8_5e47 {
    0; 1; 2; 3; 4; 5; 6; 7; 8; 9;
    0 -- 5; 0 -- 6; 0 -- 7; 0 -- 9; 1 -- 6; 1 -- 7; 1 -- 8; 2 -- 6;
    2 -- 8; 2 -- 9; 3 -- 7; 3 -- 9; 4 -- 8; 4 -- 9;
    [[5, 6, 7, 9], [6, 7, 8], [6, 8, 9], [7, 9], [8, 9], [0], [0, 1, 2], [0, 1, 3], [1, 2, 4], [0, 2, 3, 4]]
}

graph r2_8_5e48 {
    0; 1; 2; 3; 4; 5; 6; 7; 8; 9;
    0 -- 5; 0 -- 6; 0 -- 7; 0 -- 9; 1 -- 5; 1 -- 7; 1 -- 8; 2 -- 6;
    2 -- 8; 2 -- 9; 3 -- 7; 3 -- 9; 4 -- 8; 4 -- 9;
    [[5, 6, 7, 9], [5, 7, 8], [6, 8, 9], [7, 9], [8, 9], [0, 1], [0, 2], [0, 1, 3], [1, 2, 4], [0, 2, 3, 4]]
}

graph r2_8_5e49 {
    0; 1; 2; 3; 4; 5; 6; 7; 8; 9;
    0 -- 5; 0 -- 6; 0 -- 7; 0 -- 9; 1 -- 5; 1 -- 7; 1 -- 8; 2 -- 6;
    2 -- 9; 3 -- 7; 3 -- 8; 3 -- 9; 4 -- 8; 4 -- 9;
    [[5, 6, 7, 9], [5, 7, 8], [6, 9], [7, 8, 9], [8, 9], [0, 1], [0, 2], [0, 1, 3], [1, 3, 4], [0, 2, 3, 4]]
}

graph r2_8_5e50 {
    0; 1; 2; 3; 4; 5; 6; 7; 8; 9;
    0 -- 5; 0 -- 6; 0 -- 7; 1 -- 5; 1 -- 8; 1 -- 9; 2 -- 6; 2 -- 8;
    2 -- 9; 3 -- 7; 3 -- 8; 4 -- 7; 4 -- 9;
    [[5, 6, 7], [5, 8, 9], [6, 8, 9], [7, 8], [7, 9], [0, 1], [0, 2], [0, 3, 4], [1, 2, 3], [1, 2, 4]]
}

graph r2_8_5e51 {
    0; 1; 2; 3; 4; 5; 6; 7; 8; 9;
    0 -- 5; 0 -- 6; 0 -- 7; 0 -- 9; 1 -- 5; 1 -- 8; 1 -- 9; 2 -- 6;
    2 -- 8; 2 -- 9; 3 -- 7; 3 -- 8; 4 -- 7; 4 -- 9;
    [[5, 6, 7, 9], [5, 8, 9], [6, 8, 9], [7, 8], [7, 9], [0, 1], [0, 2], [0, 3, 4], [1, 2, 3], [0, 1, 2, 4]]
}

graph r2_8_5e52 {
    0; 1; 2; 3; 4; 5; 6; 7; 8; 9;
    0 -- 5; 0 -- 6; 0 -- 7; 0 -- 9; 1 -- 5; 1 -- 8; 1 -- 9; 2 -- 6;
    2 -- 9; 3 -- 7; 3 -- 8; 3 -- 9; 4 -- 7; 4 -- 8;
    [[5, 6, 7, 9], [5, 8, 9], [6, 9], [7, 8, 9], [7, 8], [0, 1], [0, 2], [0, 3, 4], [1, 3, 4], [0, 1, 2, 3]]
}

graph r2_8_5e53 {
    0; 1; 2; 3; 4; 5; 6; 7; 8; 9;
    0 -- 5; 0 -- 6; 0 -- 7; 1 -- 5; 1 -- 8; 1 -- 9; 2 -- 6; 2 -- 7;
    2 -- 8; 3 -- 6; 3 -- 8; 3 -- 9; 4 -- 7; 4 -- 9;
    [[5, 6, 7], [5, 8, 9], [6, 7, 8], [6, 8, 9], [7, 9], [0, 1], [0, 2, 3], [0, 2, 4], [1, 2, 3], [1, 3, 4]]
}

graph r2_8_5e54 {
    0; 1; 2; 3; 4; 5; 6; 7; 8; 9;
    0 -- 5; 0 -- 6; 0 -- 7; 0 -- 9; 1 -- 5; 1 -- 8; 1 -- 9; 2 -- 6;
    2 -- 7; 2 -- 8; 3 -- 6; 3 -- 8; 3 -- 9; 4 -- 7; 4 -- 9;
    [[5, 6, 7, 9], [5, 8, 9], [6, 7, 8], [6, 8, 9], [7, 9], [0, 1], [0, 2, 3], [0, 2, 4], [1, 2, 3], [0, 1, 3, 4]]
}

graph r2_8_5e55 {
    0; 1; 2; 3; 4; 5; 6; 7; 8; 9;
    0 -- 5; 0 -- 6; 0 -- 7; 0 -- 9; 1 -- 5; 1 -- 9; 2 -- 6; 2 -- 7;
    2 -- 8; 3 -- 6; 3 -- 8; 3 -- 9; 4 -- 7; 4 -- 8; 4 -- 9;
    [[5, 6, 7, 9], [5, 9], [6, 7, 8], [6, 8, 9], [7, 8, 9], [0, 1], [0, 2, 3], [0, 2, 4], [2, 3, 4], [0, 1, 3, 4]]
}

graph r2_8_5e56 {
    0; 1; 2; 3; 4; 5; 6; 7; 8; 9;
    0 -- 5; 0 -- 6; 0 -- 7; 1 -- 5; 1 -- 6; 1 -- 8; 2 -- 5; 2 -- 7;
    2 -- 9; 3 -- 6; 3 -- 8; 3 -- 9; 4 -- 7; 4 -- 8; 4 -- 9;
    [[5, 6, 7], [5, 6, 8], [5, 7, 9], [6, 8, 9], [7, 8, 9], [0, 1, 2], [0, 1, 3], [0, 2, 4], [1, 3, 4], [2, 3, 4]]
}

R^BIP_2(8,5) = 11
56 extremal graph(s)
running time:7.301507234573364sec
