Finding R_2(7,5)

Order & number of counterexample graphs:
0 1
1 1
2 2
3 3
4 7
5 12
6 29
7 44
8 33
9 2
10 0

2 extremal graph(s):

graph r2_7_5e1 {
    0; 1; 2; 3; 4; 5; 6; 7; 8;
    0 -- 6; 0 -- 7; 1 -- 6; 1 -- 7; 2 -- 6; 2 -- 8; 3 -- 7; 3 -- 8;
    4 -- 7; 4 -- 8; 5 -- 8;
    [[6, 7], [6, 7], [6, 8], [7, 8], [7, 8], [8], [0, 1, 2], [0, 1, 3, 4], [2, 3, 4, 5]]
}

graph r2_7_5e2 {
    0; 1; 2; 3; 4; 5; 6; 7; 8;
    0 -- 6; 0 -- 7; 1 -- 6; 1 -- 7; 2 -- 6; 2 -- 8; 3 -- 6; 3 -- 8;
    4 -- 7; 4 -- 8; 5 -- 7; 5 -- 8;
    [[6, 7], [6, 7], [6, 8], [6, 8], [7, 8], [7, 8], [0, 1, 2, 3], [0, 1, 4, 5], [2, 3, 4, 5]]
}

R^BIP_2(7,5) = 10
2 extremal graph(s)
running time:0.48171019554138184sec
