Finding R^BIP_1(4,5)

Order & number of counterexample graphs:
0 1
1 1
2 2
3 3
4 4
5 3
6 2
7 0

2 extremal graph(s):

graph r1_4_5e1 {
    0; 1; 2; 3; 4; 5;
    0 -- 3; 0 -- 4; 0 -- 5; 1 -- 3; 1 -- 4; 1 -- 5; 2 -- 4; 2 -- 5;
    [[3, 4, 5], [3, 4, 5], [4, 5], [0, 1], [0, 1, 2], [0, 1, 2]]
}

graph r1_4_5e2 {
    0; 1; 2; 3; 4; 5;
    0 -- 3; 0 -- 4; 0 -- 5; 1 -- 3; 1 -- 4; 1 -- 5; 2 -- 3; 2 -- 4;
    2 -- 5;
    [[3, 4, 5], [3, 4, 5], [3, 4, 5], [0, 1, 2], [0, 1, 2], [0, 1, 2]]
}

R^BIP_1(4,5) = 7
2 extremal graph(s)
running time:0.00797724723815918sec
