Finding R^BIP_1(4,5)

Order & number of counterexample graphs:
0 1
1 1
2 2
3 4
4 8
5 14
6 15
7 2
8 0

2 extremal graph(s):

graph r1_4_5e1 {
    0; 1; 2; 3; 4; 5; 6;
    0 -- 3; 0 -- 4; 0 -- 5; 0 -- 6; 1 -- 3; 1 -- 4; 1 -- 5; 2 -- 5;
    2 -- 6; 3 -- 5; 3 -- 6; 4 -- 6; 5 -- 6;
    [[3, 4, 5, 6], [3, 4, 5], [5, 6], [0, 1, 5, 6], [0, 1, 6], [0, 1, 2, 3, 6], [0, 2, 3, 4, 5]]
}

graph r1_4_5e2 {
    0; 1; 2; 3; 4; 5; 6;
    0 -- 3; 0 -- 4; 0 -- 5; 0 -- 6; 1 -- 3; 1 -- 4; 1 -- 5; 2 -- 4;
    2 -- 5; 2 -- 6; 3 -- 5; 3 -- 6; 4 -- 6;
    [[3, 4, 5, 6], [3, 4, 5], [4, 5, 6], [0, 1, 5, 6], [0, 1, 2, 6], [0, 1, 2, 3], [0, 2, 3, 4]]
}

R^BIP_1(4,5) = 8
2 extremal graph(s)
running time:0.7200744152069092sec
