Finding R^PG_1(6,4)

Order & number of counterexample graphs:
0 1
1 1
2 2
3 4
4 8
5 17
6 37
7 55
8 29
9 4
10 0

4 extremal graph(s):

graph r1_6_4e1 {
    0; 1; 2; 3; 4; 5; 6; 7; 8;
    0 -- 5; 0 -- 7; 1 -- 5; 1 -- 8; 2 -- 6; 2 -- 8; 3 -- 6; 4 -- 7;
    5 -- 7; 5 -- 8; 6 -- 8;
    [[5, 7], [5, 8], [6, 8], [6], [7], [0, 1, 7, 8], [2, 3, 8], [0, 4, 5], [1, 2, 5, 6]]
}

graph r1_6_4e2 {
    0; 1; 2; 3; 4; 5; 6; 7; 8;
    0 -- 4; 0 -- 5; 0 -- 7; 1 -- 5; 1 -- 6; 1 -- 8; 2 -- 6; 2 -- 7;
    3 -- 8; 4 -- 7; 6 -- 8;
    [[4, 5, 7], [5, 6, 8], [6, 7], [8], [0, 7], [0, 1], [1, 2, 8], [0, 2, 4], [1, 3, 6]]
}

graph r1_6_4e3 {
    0; 1; 2; 3; 4; 5; 6; 7; 8;
    0 -- 4; 0 -- 5; 0 -- 7; 1 -- 5; 1 -- 6; 2 -- 6; 2 -- 8; 3 -- 7;
    3 -- 8; 4 -- 7; 6 -- 8; 7 -- 8;
    [[4, 5, 7], [5, 6], [6, 8], [7, 8], [0, 7], [0, 1], [1, 2, 8], [0, 3, 4, 8], [2, 3, 6, 7]]
}

graph r1_6_4e4 {
    0; 1; 2; 3; 4; 5; 6; 7; 8;
    0 -- 4; 0 -- 5; 0 -- 7; 1 -- 4; 1 -- 6; 2 -- 5; 2 -- 6; 2 -- 8;
    3 -- 7; 3 -- 8; 4 -- 7; 6 -- 8;
    [[4, 5, 7], [4, 6], [5, 6, 8], [7, 8], [0, 1, 7], [0, 2], [1, 2, 8], [0, 3, 4], [2, 3, 6]]
}

R^PG_1(6,4) = 10
4 extremal graph(s)
running time:1.6645567417144775sec
