Finding R^PG_1(8,4)

Order & number of counterexample graphs:
0 1
1 1
2 2
3 4
4 8
5 17
6 41
7 99
8 259
9 654
10 1318
11 1456
12 519
13 42
14 3
15 0

3 extremal graph(s):

graph r1_8_4e1 {
    0; 1; 2; 3; 4; 5; 6; 7; 8; 9; 10; 11; 12; 13;
    0 -- 7; 0 -- 8; 0 -- 9; 1 -- 7; 1 -- 10; 1 -- 11; 2 -- 7; 2 -- 12;
    2 -- 13; 3 -- 8; 3 -- 10; 3 -- 12; 4 -- 8; 4 -- 11; 4 -- 13; 5 -- 9;
    5 -- 10; 5 -- 13; 6 -- 9; 6 -- 11; 6 -- 12;
    [[7, 8, 9], [7, 10, 11], [7, 12, 13], [8, 10, 12], [8, 11, 13], [9, 10, 13], [9, 11, 12], [0, 1, 2], [0, 3, 4], [0, 5, 6], [1, 3, 5], [1, 4, 6], [2, 3, 6], [2, 4, 5]]
}

graph r1_8_4e2 {
    0; 1; 2; 3; 4; 5; 6; 7; 8; 9; 10; 11; 12; 13;
    0 -- 6; 0 -- 7; 0 -- 10; 1 -- 6; 1 -- 8; 1 -- 11; 2 -- 7; 2 -- 9;
    2 -- 12; 3 -- 8; 3 -- 9; 3 -- 13; 4 -- 10; 4 -- 13; 5 -- 11;
    5 -- 12; 6 -- 10; 7 -- 12; 8 -- 11; 9 -- 13; 10 -- 13; 11 -- 12;
    [[6, 7, 10], [6, 8, 11], [7, 9, 12], [8, 9, 13], [10, 13], [11, 12], [0, 1, 10], [0, 2, 12], [1, 3, 11], [2, 3, 13], [0, 4, 6, 13], [1, 5, 8, 12], [2, 5, 7, 11], [3, 4, 9, 10]]
}

graph r1_8_4e3 {
    0; 1; 2; 3; 4; 5; 6; 7; 8; 9; 10; 11; 12; 13;
    0 -- 5; 0 -- 6; 0 -- 10; 0 -- 12; 1 -- 6; 1 -- 7; 1 -- 13; 2 -- 7;
    2 -- 8; 2 -- 11; 3 -- 8; 3 -- 9; 3 -- 12; 4 -- 9; 4 -- 10; 4 -- 13;
    5 -- 10; 5 -- 11; 6 -- 12; 7 -- 11; 7 -- 13; 8 -- 12; 9 -- 13;
    [[5, 6, 10, 12], [6, 7, 13], [7, 8, 11], [8, 9, 12], [9, 10, 13], [0, 10, 11], [0, 1, 12], [1, 2, 11, 13], [2, 3, 12], [3, 4, 13], [0, 4, 5], [2, 5, 7], [0, 3, 6, 8], [1, 4, 7, 9]]
}

R^PG_1(8,4) = 15
3 extremal graph(s)
running time:6907.657713651657sec
