Finding R^PG_1(5,5)

Order & number of counterexample graphs:
0 1
1 1
2 2
3 4
4 11
5 27
6 96
7 304
8 824
9 627
10 106
11 2
12 2
13 0

2 extremal graph(s):

graph r1_5_5e1 {
    0; 1; 2; 3; 4; 5; 6; 7; 8; 9; 10; 11;
    0 -- 4; 0 -- 5; 0 -- 6; 0 -- 7; 0 -- 8; 0 -- 9; 1 -- 4; 1 -- 5;
    1 -- 6; 1 -- 7; 1 -- 10; 1 -- 11; 2 -- 4; 2 -- 5; 2 -- 8; 2 -- 9;
    2 -- 10; 2 -- 11; 3 -- 6; 3 -- 7; 3 -- 8; 3 -- 9; 3 -- 10; 3 -- 11;
    4 -- 6; 4 -- 8; 4 -- 10; 5 -- 7; 5 -- 9; 5 -- 11; 6 -- 9; 6 -- 11;
    7 -- 8; 7 -- 10; 8 -- 11; 9 -- 10;
    [[4, 5, 6, 7, 8, 9], [4, 5, 6, 7, 10, 11], [4, 5, 8, 9, 10, 11], [6, 7, 8, 9, 10, 11], [0, 1, 2, 6, 8, 10], [0, 1, 2, 7, 9, 11], [0, 1, 3, 4, 9, 11], [0, 1, 3, 5, 8, 10], [0, 2, 3, 4, 7, 11], [0, 2, 3, 5, 6, 10], [1, 2, 3, 4, 7, 9], [1, 2, 3, 5, 6, 8]]
}

graph r1_5_5e2 {
    0; 1; 2; 3; 4; 5; 6; 7; 8; 9; 10; 11;
    0 -- 3; 0 -- 4; 0 -- 6; 0 -- 8; 0 -- 9; 1 -- 4; 1 -- 5; 1 -- 7;
    1 -- 9; 1 -- 10; 2 -- 5; 2 -- 6; 2 -- 8; 2 -- 10; 2 -- 11; 3 -- 6;
    3 -- 7; 3 -- 9; 3 -- 11; 4 -- 7; 4 -- 8; 4 -- 10; 5 -- 8; 5 -- 9;
    5 -- 11; 6 -- 9; 6 -- 10; 7 -- 10; 7 -- 11; 8 -- 11;
    [[3, 4, 6, 8, 9], [4, 5, 7, 9, 10], [5, 6, 8, 10, 11], [0, 6, 7, 9, 11], [0, 1, 7, 8, 10], [1, 2, 8, 9, 11], [0, 2, 3, 9, 10], [1, 3, 4, 10, 11], [0, 2, 4, 5, 11], [0, 1, 3, 5, 6], [1, 2, 4, 6, 7], [2, 3, 5, 7, 8]]
}

R^PG_1(5,5) = 13
2 extremal graph(s)
running time:115.06827974319458sec
