Finding R^PG_1(5,4)

Order & number of counterexample graphs:
0 1
1 1
2 2
3 4
4 8
5 14
6 15
7 2
8 0

2 extremal graph(s):

graph r1_5_4e1 {
    0; 1; 2; 3; 4; 5; 6;
    0 -- 4; 0 -- 6; 1 -- 4; 2 -- 5; 2 -- 6; 3 -- 5; 4 -- 6; 5 -- 6;
    [[4, 6], [4], [5, 6], [5], [0, 1, 6], [2, 3, 6], [0, 2, 4, 5]]
}

graph r1_5_4e2 {
    0; 1; 2; 3; 4; 5; 6;
    0 -- 3; 0 -- 4; 0 -- 6; 1 -- 4; 1 -- 5; 2 -- 5; 2 -- 6; 3 -- 6;
    [[3, 4, 6], [4, 5], [5, 6], [0, 6], [0, 1], [1, 2], [0, 2, 3]]
}

R^PG_1(5,4) = 8
2 extremal graph(s)
running time:0.10077667236328125sec
