Finding R^PG_1(7,4)

Order & number of counterexample graphs:
0 1
1 1
2 2
3 4
4 8
5 17
6 41
7 95
8 200
9 261
10 128
11 16
12 3
13 0

3 extremal graph(s):

graph r1_7_4e1 {
    0; 1; 2; 3; 4; 5; 6; 7; 8; 9; 10; 11;
    0 -- 6; 0 -- 9; 1 -- 6; 1 -- 10; 2 -- 7; 2 -- 9; 3 -- 7; 3 -- 11;
    4 -- 8; 4 -- 10; 5 -- 8; 5 -- 11; 6 -- 9; 6 -- 10; 7 -- 9; 7 -- 11;
    8 -- 10; 8 -- 11;
    [[6, 9], [6, 10], [7, 9], [7, 11], [8, 10], [8, 11], [0, 1, 9, 10], [2, 3, 9, 11], [4, 5, 10, 11], [0, 2, 6, 7], [1, 4, 6, 8], [3, 5, 7, 8]]
}

graph r1_7_4e2 {
    0; 1; 2; 3; 4; 5; 6; 7; 8; 9; 10; 11;
    0 -- 5; 0 -- 6; 0 -- 9; 0 -- 10; 1 -- 5; 1 -- 7; 1 -- 11; 2 -- 6;
    2 -- 7; 3 -- 8; 3 -- 9; 4 -- 8; 4 -- 10; 4 -- 11; 5 -- 9; 6 -- 10;
    7 -- 11; 8 -- 11;
    [[5, 6, 9, 10], [5, 7, 11], [6, 7], [8, 9], [8, 10, 11], [0, 1, 9], [0, 2, 10], [1, 2, 11], [3, 4, 11], [0, 3, 5], [0, 4, 6], [1, 4, 7, 8]]
}

graph r1_7_4e3 {
    0; 1; 2; 3; 4; 5; 6; 7; 8; 9; 10; 11;
    0 -- 4; 0 -- 6; 0 -- 8; 1 -- 5; 1 -- 7; 1 -- 9; 2 -- 6; 2 -- 10;
    2 -- 11; 3 -- 7; 3 -- 8; 3 -- 10; 4 -- 8; 4 -- 9; 5 -- 9; 5 -- 11;
    6 -- 11; 7 -- 10;
    [[4, 6, 8], [5, 7, 9], [6, 10, 11], [7, 8, 10], [0, 8, 9], [1, 9, 11], [0, 2, 11], [1, 3, 10], [0, 3, 4], [1, 4, 5], [2, 3, 7], [2, 5, 6]]
}

R^PG_1(7,4) = 13
3 extremal graph(s)
running time:115.92114806175232sec
