Finding R^PG_3(9,6)

Order & number of counterexample graphs:
0 1
1 1
2 2
3 4
4 11
5 33
6 92
7 275
8 815
9 2034
10 806
11 3
12 0

3 extremal graph(s):

graph r3_9_6e1 {
    0; 1; 2; 3; 4; 5; 6; 7; 8; 9; 10;
    0 -- 8; 0 -- 10; 1 -- 8; 1 -- 10; 2 -- 8; 2 -- 10; 3 -- 8; 4 -- 9;
    4 -- 10; 5 -- 9; 5 -- 10; 6 -- 9; 6 -- 10; 7 -- 9;
    [[8, 10], [8, 10], [8, 10], [8], [9, 10], [9, 10], [9, 10], [9], [0, 1, 2, 3], [4, 5, 6, 7], [0, 1, 2, 4, 5, 6]]
}

graph r3_9_6e2 {
    0; 1; 2; 3; 4; 5; 6; 7; 8; 9; 10;
    0 -- 8; 0 -- 9; 0 -- 10; 1 -- 8; 1 -- 9; 1 -- 10; 2 -- 8; 3 -- 8;
    4 -- 9; 5 -- 9; 6 -- 10; 7 -- 10; 8 -- 9; 8 -- 10; 9 -- 10;
    [[8, 9, 10], [8, 9, 10], [8], [8], [9], [9], [10], [10], [0, 1, 2, 3, 9, 10], [0, 1, 4, 5, 8, 10], [0, 1, 6, 7, 8, 9]]
}

graph r3_9_6e3 {
    0; 1; 2; 3; 4; 5; 6; 7; 8; 9; 10;
    0 -- 7; 0 -- 8; 0 -- 9; 0 -- 10; 1 -- 8; 2 -- 8; 3 -- 9; 4 -- 9;
    5 -- 10; 6 -- 10; 7 -- 8; 7 -- 9; 7 -- 10; 8 -- 9; 8 -- 10; 9 -- 10;
    [[7, 8, 9, 10], [8], [8], [9], [9], [10], [10], [0, 8, 9, 10], [0, 1, 2, 7, 9, 10], [0, 3, 4, 7, 8, 10], [0, 5, 6, 7, 8, 9]]
}

R^PG_3(9,6) = 12
3 extremal graph(s)
running time:351.05587911605835sec
