Finding R^PG_3(5,7)

Order & number of counterexample graphs:
0 1
1 1
2 2
3 4
4 11
5 11
6 12
7 0

12 extremal graph(s):

graph r3_5_7e1 {
    0; 1; 2; 3; 4; 5;
    0 -- 4; 0 -- 5; 1 -- 4; 1 -- 5; 2 -- 4; 2 -- 5; 3 -- 4; 3 -- 5;
    4 -- 5;
    [[4, 5], [4, 5], [4, 5], [4, 5], [0, 1, 2, 3, 5], [0, 1, 2, 3, 4]]
}

graph r3_5_7e2 {
    0; 1; 2; 3; 4; 5;
    0 -- 3; 0 -- 4; 0 -- 5; 1 -- 4; 1 -- 5; 2 -- 4; 2 -- 5; 3 -- 4;
    3 -- 5; 4 -- 5;
    [[3, 4, 5], [4, 5], [4, 5], [0, 4, 5], [0, 1, 2, 3, 5], [0, 1, 2, 3, 4]]
}

graph r3_5_7e3 {
    0; 1; 2; 3; 4; 5;
    0 -- 3; 0 -- 4; 0 -- 5; 1 -- 3; 1 -- 4; 1 -- 5; 2 -- 4; 2 -- 5;
    3 -- 4; 3 -- 5; 4 -- 5;
    [[3, 4, 5], [3, 4, 5], [4, 5], [0, 1, 4, 5], [0, 1, 2, 3, 5], [0, 1, 2, 3, 4]]
}

graph r3_5_7e4 {
    0; 1; 2; 3; 4; 5;
    0 -- 3; 0 -- 4; 0 -- 5; 1 -- 3; 1 -- 4; 1 -- 5; 2 -- 3; 2 -- 4;
    2 -- 5; 3 -- 4; 3 -- 5; 4 -- 5;
    [[3, 4, 5], [3, 4, 5], [3, 4, 5], [0, 1, 2, 4, 5], [0, 1, 2, 3, 5], [0, 1, 2, 3, 4]]
}

graph r3_5_7e5 {
    0; 1; 2; 3; 4; 5;
    0 -- 2; 0 -- 4; 0 -- 5; 1 -- 3; 1 -- 4; 1 -- 5; 2 -- 4; 2 -- 5;
    3 -- 4; 3 -- 5; 4 -- 5;
    [[2, 4, 5], [3, 4, 5], [0, 4, 5], [1, 4, 5], [0, 1, 2, 3, 5], [0, 1, 2, 3, 4]]
}

graph r3_5_7e6 {
    0; 1; 2; 3; 4; 5;
    0 -- 2; 0 -- 3; 0 -- 4; 0 -- 5; 1 -- 3; 1 -- 4; 1 -- 5; 2 -- 4;
    2 -- 5; 3 -- 4; 3 -- 5; 4 -- 5;
    [[2, 3, 4, 5], [3, 4, 5], [0, 4, 5], [0, 1, 4, 5], [0, 1, 2, 3, 5], [0, 1, 2, 3, 4]]
}

graph r3_5_7e7 {
    0; 1; 2; 3; 4; 5;
    0 -- 2; 0 -- 3; 0 -- 4; 0 -- 5; 1 -- 4; 1 -- 5; 2 -- 3; 2 -- 4;
    2 -- 5; 3 -- 4; 3 -- 5; 4 -- 5;
    [[2, 3, 4, 5], [4, 5], [0, 3, 4, 5], [0, 2, 4, 5], [0, 1, 2, 3, 5], [0, 1, 2, 3, 4]]
}

graph r3_5_7e8 {
    0; 1; 2; 3; 4; 5;
    0 -- 2; 0 -- 3; 0 -- 4; 0 -- 5; 1 -- 3; 1 -- 4; 1 -- 5; 2 -- 3;
    2 -- 4; 2 -- 5; 3 -- 4; 3 -- 5; 4 -- 5;
    [[2, 3, 4, 5], [3, 4, 5], [0, 3, 4, 5], [0, 1, 2, 4, 5], [0, 1, 2, 3, 5], [0, 1, 2, 3, 4]]
}

graph r3_5_7e9 {
    0; 1; 2; 3; 4; 5;
    0 -- 2; 0 -- 3; 0 -- 4; 0 -- 5; 1 -- 2; 1 -- 3; 1 -- 4; 1 -- 5;
    2 -- 4; 2 -- 5; 3 -- 4; 3 -- 5;
    [[2, 3, 4, 5], [2, 3, 4, 5], [0, 1, 4, 5], [0, 1, 4, 5], [0, 1, 2, 3], [0, 1, 2, 3]]
}

graph r3_5_7e10 {
    0; 1; 2; 3; 4; 5;
    0 -- 2; 0 -- 3; 0 -- 4; 0 -- 5; 1 -- 2; 1 -- 3; 1 -- 4; 1 -- 5;
    2 -- 4; 2 -- 5; 3 -- 4; 3 -- 5; 4 -- 5;
    [[2, 3, 4, 5], [2, 3, 4, 5], [0, 1, 4, 5], [0, 1, 4, 5], [0, 1, 2, 3, 5], [0, 1, 2, 3, 4]]
}

graph r3_5_7e11 {
    0; 1; 2; 3; 4; 5;
    0 -- 2; 0 -- 3; 0 -- 4; 0 -- 5; 1 -- 2; 1 -- 3; 1 -- 4; 1 -- 5;
    2 -- 3; 2 -- 4; 2 -- 5; 3 -- 4; 3 -- 5; 4 -- 5;
    [[2, 3, 4, 5], [2, 3, 4, 5], [0, 1, 3, 4, 5], [0, 1, 2, 4, 5], [0, 1, 2, 3, 5], [0, 1, 2, 3, 4]]
}

graph r3_5_7e12 {
    0; 1; 2; 3; 4; 5;
    0 -- 1; 0 -- 2; 0 -- 3; 0 -- 4; 0 -- 5; 1 -- 2; 1 -- 3; 1 -- 4;
    1 -- 5; 2 -- 3; 2 -- 4; 2 -- 5; 3 -- 4; 3 -- 5; 4 -- 5;
    [[1, 2, 3, 4, 5], [0, 2, 3, 4, 5], [0, 1, 3, 4, 5], [0, 1, 2, 4, 5], [0, 1, 2, 3, 5], [0, 1, 2, 3, 4]]
}

R^PG_3(5,7) = 7
12 extremal graph(s)
running time:0.023966550827026367sec
