Finding R^PG_3(10,6)

Order & number of counterexample graphs:
0 1
1 1
2 2
3 4
4 11
5 33
6 92
7 275
8 815
9 2504
10 6701
11 3962
12 67
13 0

67 extremal graph(s):

graph r3_10_6e1 {
    0; 1; 2; 3; 4; 5; 6; 7; 8; 9; 10; 11;
    0 -- 9; 0 -- 11; 1 -- 9; 1 -- 11; 2 -- 9; 2 -- 11; 3 -- 9; 4 -- 10;
    5 -- 10; 6 -- 10; 7 -- 10; 8 -- 11; 9 -- 11;
    [[9, 11], [9, 11], [9, 11], [9], [10], [10], [10], [10], [11], [0, 1, 2, 3, 11], [4, 5, 6, 7], [0, 1, 2, 8, 9]]
}

graph r3_10_6e2 {
    0; 1; 2; 3; 4; 5; 6; 7; 8; 9; 10; 11;
    0 -- 9; 0 -- 11; 1 -- 9; 1 -- 11; 2 -- 9; 2 -- 11; 3 -- 9; 4 -- 10;
    4 -- 11; 5 -- 10; 5 -- 11; 6 -- 10; 6 -- 11; 7 -- 10;
    [[9, 11], [9, 11], [9, 11], [9], [10, 11], [10, 11], [10, 11], [10], [], [0, 1, 2, 3], [4, 5, 6, 7], [0, 1, 2, 4, 5, 6]]
}

graph r3_10_6e3 {
    0; 1; 2; 3; 4; 5; 6; 7; 8; 9; 10; 11;
    0 -- 9; 0 -- 11; 1 -- 9; 1 -- 11; 2 -- 9; 2 -- 11; 3 -- 9; 4 -- 10;
    4 -- 11; 5 -- 10; 5 -- 11; 6 -- 10; 7 -- 10; 8 -- 11;
    [[9, 11], [9, 11], [9, 11], [9], [10, 11], [10, 11], [10], [10], [11], [0, 1, 2, 3], [4, 5, 6, 7], [0, 1, 2, 4, 5, 8]]
}

graph r3_10_6e4 {
    0; 1; 2; 3; 4; 5; 6; 7; 8; 9; 10; 11;
    0 -- 9; 0 -- 11; 1 -- 9; 1 -- 11; 2 -- 9; 2 -- 11; 3 -- 9; 4 -- 10;
    4 -- 11; 5 -- 10; 6 -- 10; 7 -- 10; 8 -- 11; 9 -- 11;
    [[9, 11], [9, 11], [9, 11], [9], [10, 11], [10], [10], [10], [11], [0, 1, 2, 3, 11], [4, 5, 6, 7], [0, 1, 2, 4, 8, 9]]
}

graph r3_10_6e5 {
    0; 1; 2; 3; 4; 5; 6; 7; 8; 9; 10; 11;
    0 -- 9; 0 -- 11; 1 -- 9; 1 -- 11; 2 -- 9; 2 -- 11; 3 -- 9; 4 -- 10;
    5 -- 10; 6 -- 10; 7 -- 10; 8 -- 11; 9 -- 11; 10 -- 11;
    [[9, 11], [9, 11], [9, 11], [9], [10], [10], [10], [10], [11], [0, 1, 2, 3, 11], [4, 5, 6, 7, 11], [0, 1, 2, 8, 9, 10]]
}

graph r3_10_6e6 {
    0; 1; 2; 3; 4; 5; 6; 7; 8; 9; 10; 11;
    0 -- 9; 0 -- 11; 1 -- 9; 1 -- 11; 2 -- 9; 2 -- 11; 3 -- 9; 4 -- 10;
    4 -- 11; 5 -- 10; 5 -- 11; 6 -- 10; 6 -- 11; 7 -- 10; 8 -- 11;
    [[9, 11], [9, 11], [9, 11], [9], [10, 11], [10, 11], [10, 11], [10], [11], [0, 1, 2, 3], [4, 5, 6, 7], [0, 1, 2, 4, 5, 6, 8]]
}

graph r3_10_6e7 {
    0; 1; 2; 3; 4; 5; 6; 7; 8; 9; 10; 11;
    0 -- 9; 0 -- 10; 1 -- 9; 1 -- 10; 2 -- 9; 2 -- 10; 3 -- 9; 4 -- 10;
    4 -- 11; 5 -- 10; 5 -- 11; 6 -- 11; 7 -- 11; 8 -- 11;
    [[9, 10], [9, 10], [9, 10], [9], [10, 11], [10, 11], [11], [11], [11], [0, 1, 2, 3], [0, 1, 2, 4, 5], [4, 5, 6, 7, 8]]
}

graph r3_10_6e8 {
    0; 1; 2; 3; 4; 5; 6; 7; 8; 9; 10; 11;
    0 -- 9; 0 -- 10; 0 -- 11; 1 -- 9; 1 -- 10; 2 -- 9; 2 -- 10; 3 -- 9;
    4 -- 10; 5 -- 11; 6 -- 11; 7 -- 11; 8 -- 11; 9 -- 10;
    [[9, 10, 11], [9, 10], [9, 10], [9], [10], [11], [11], [11], [11], [0, 1, 2, 3, 10], [0, 1, 2, 4, 9], [0, 5, 6, 7, 8]]
}

graph r3_10_6e9 {
    0; 1; 2; 3; 4; 5; 6; 7; 8; 9; 10; 11;
    0 -- 9; 0 -- 10; 1 -- 9; 1 -- 10; 2 -- 9; 2 -- 10; 3 -- 9; 3 -- 11;
    4 -- 10; 5 -- 11; 6 -- 11; 7 -- 11; 8 -- 11; 9 -- 10;
    [[9, 10], [9, 10], [9, 10], [9, 11], [10], [11], [11], [11], [11], [0, 1, 2, 3, 10], [0, 1, 2, 4, 9], [3, 5, 6, 7, 8]]
}

graph r3_10_6e10 {
    0; 1; 2; 3; 4; 5; 6; 7; 8; 9; 10; 11;
    0 -- 9; 0 -- 10; 1 -- 9; 1 -- 10; 2 -- 9; 3 -- 9; 4 -- 10; 4 -- 11;
    5 -- 10; 5 -- 11; 6 -- 10; 6 -- 11; 7 -- 11; 8 -- 11;
    [[9, 10], [9, 10], [9], [9], [10, 11], [10, 11], [10, 11], [11], [11], [0, 1, 2, 3], [0, 1, 4, 5, 6], [4, 5, 6, 7, 8]]
}

graph r3_10_6e11 {
    0; 1; 2; 3; 4; 5; 6; 7; 8; 9; 10; 11;
    0 -- 9; 0 -- 10; 0 -- 11; 1 -- 9; 1 -- 10; 1 -- 11; 2 -- 9; 3 -- 9;
    4 -- 10; 5 -- 10; 6 -- 10; 7 -- 11; 8 -- 11; 9 -- 11; 10 -- 11;
    [[9, 10, 11], [9, 10, 11], [9], [9], [10], [10], [10], [11], [11], [0, 1, 2, 3, 11], [0, 1, 4, 5, 6, 11], [0, 1, 7, 8, 9, 10]]
}

graph r3_10_6e12 {
    0; 1; 2; 3; 4; 5; 6; 7; 8; 9; 10; 11;
    0 -- 9; 0 -- 10; 0 -- 11; 1 -- 9; 1 -- 10; 1 -- 11; 2 -- 9; 3 -- 9;
    4 -- 10; 5 -- 10; 6 -- 11; 7 -- 11; 9 -- 10; 9 -- 11; 10 -- 11;
    [[9, 10, 11], [9, 10, 11], [9], [9], [10], [10], [11], [11], [], [0, 1, 2, 3, 10, 11], [0, 1, 4, 5, 9, 11], [0, 1, 6, 7, 9, 10]]
}

graph r3_10_6e13 {
    0; 1; 2; 3; 4; 5; 6; 7; 8; 9; 10; 11;
    0 -- 9; 0 -- 10; 0 -- 11; 1 -- 9; 1 -- 10; 2 -- 9; 3 -- 9; 4 -- 10;
    5 -- 10; 6 -- 11; 7 -- 11; 8 -- 11; 9 -- 10; 9 -- 11; 10 -- 11;
    [[9, 10, 11], [9, 10], [9], [9], [10], [10], [11], [11], [11], [0, 1, 2, 3, 10, 11], [0, 1, 4, 5, 9, 11], [0, 6, 7, 8, 9, 10]]
}

graph r3_10_6e14 {
    0; 1; 2; 3; 4; 5; 6; 7; 8; 9; 10; 11;
    0 -- 9; 0 -- 10; 0 -- 11; 1 -- 9; 1 -- 10; 1 -- 11; 2 -- 9; 3 -- 9;
    4 -- 10; 5 -- 10; 6 -- 11; 7 -- 11; 8 -- 11; 9 -- 10; 9 -- 11;
    10 -- 11;
    [[9, 10, 11], [9, 10, 11], [9], [9], [10], [10], [11], [11], [11], [0, 1, 2, 3, 10, 11], [0, 1, 4, 5, 9, 11], [0, 1, 6, 7, 8, 9, 10]]
}

graph r3_10_6e15 {
    0; 1; 2; 3; 4; 5; 6; 7; 8; 9; 10; 11;
    0 -- 9; 0 -- 11; 1 -- 9; 1 -- 11; 2 -- 9; 2 -- 11; 3 -- 9; 4 -- 10;
    4 -- 11; 5 -- 10; 5 -- 11; 6 -- 10; 6 -- 11; 7 -- 10; 8 -- 10;
    [[9, 11], [9, 11], [9, 11], [9], [10, 11], [10, 11], [10, 11], [10], [10], [0, 1, 2, 3], [4, 5, 6, 7, 8], [0, 1, 2, 4, 5, 6]]
}

graph r3_10_6e16 {
    0; 1; 2; 3; 4; 5; 6; 7; 8; 9; 10; 11;
    0 -- 8; 0 -- 9; 1 -- 9; 2 -- 9; 3 -- 9; 4 -- 10; 4 -- 11; 5 -- 10;
    5 -- 11; 6 -- 10; 6 -- 11; 7 -- 10; 8 -- 11; 10 -- 11;
    [[8, 9], [9], [9], [9], [10, 11], [10, 11], [10, 11], [10], [0, 11], [0, 1, 2, 3], [4, 5, 6, 7, 11], [4, 5, 6, 8, 10]]
}

graph r3_10_6e17 {
    0; 1; 2; 3; 4; 5; 6; 7; 8; 9; 10; 11;
    0 -- 8; 0 -- 9; 0 -- 11; 1 -- 9; 1 -- 11; 2 -- 9; 2 -- 11; 3 -- 9;
    4 -- 10; 4 -- 11; 5 -- 10; 5 -- 11; 6 -- 10; 6 -- 11; 7 -- 10;
    [[8, 9, 11], [9, 11], [9, 11], [9], [10, 11], [10, 11], [10, 11], [10], [0], [0, 1, 2, 3], [4, 5, 6, 7], [0, 1, 2, 4, 5, 6]]
}

graph r3_10_6e18 {
    0; 1; 2; 3; 4; 5; 6; 7; 8; 9; 10; 11;
    0 -- 8; 0 -- 9; 1 -- 9; 1 -- 11; 2 -- 9; 2 -- 11; 3 -- 9; 3 -- 11;
    4 -- 10; 4 -- 11; 5 -- 10; 5 -- 11; 6 -- 10; 6 -- 11; 7 -- 10;
    [[8, 9], [9, 11], [9, 11], [9, 11], [10, 11], [10, 11], [10, 11], [10], [0], [0, 1, 2, 3], [4, 5, 6, 7], [1, 2, 3, 4, 5, 6]]
}

graph r3_10_6e19 {
    0; 1; 2; 3; 4; 5; 6; 7; 8; 9; 10; 11;
    0 -- 8; 0 -- 9; 0 -- 11; 1 -- 9; 1 -- 11; 2 -- 9; 2 -- 11; 3 -- 9;
    4 -- 10; 5 -- 10; 6 -- 10; 7 -- 11; 8 -- 10; 9 -- 11;
    [[8, 9, 11], [9, 11], [9, 11], [9], [10], [10], [10], [11], [0, 10], [0, 1, 2, 3, 11], [4, 5, 6, 8], [0, 1, 2, 7, 9]]
}

graph r3_10_6e20 {
    0; 1; 2; 3; 4; 5; 6; 7; 8; 9; 10; 11;
    0 -- 8; 0 -- 9; 0 -- 10; 0 -- 11; 1 -- 9; 1 -- 10; 1 -- 11; 2 -- 9;
    3 -- 9; 4 -- 10; 5 -- 10; 6 -- 11; 7 -- 11; 9 -- 10; 9 -- 11;
    10 -- 11;
    [[8, 9, 10, 11], [9, 10, 11], [9], [9], [10], [10], [11], [11], [0], [0, 1, 2, 3, 10, 11], [0, 1, 4, 5, 9, 11], [0, 1, 6, 7, 9, 10]]
}

graph r3_10_6e21 {
    0; 1; 2; 3; 4; 5; 6; 7; 8; 9; 10; 11;
    0 -- 8; 0 -- 9; 0 -- 10; 0 -- 11; 1 -- 9; 2 -- 9; 3 -- 9; 4 -- 10;
    5 -- 10; 6 -- 11; 7 -- 11; 8 -- 10; 8 -- 11; 9 -- 10; 9 -- 11;
    10 -- 11;
    [[8, 9, 10, 11], [9], [9], [9], [10], [10], [11], [11], [0, 10, 11], [0, 1, 2, 3, 10, 11], [0, 4, 5, 8, 9, 11], [0, 6, 7, 8, 9, 10]]
}

graph r3_10_6e22 {
    0; 1; 2; 3; 4; 5; 6; 7; 8; 9; 10; 11;
    0 -- 8; 0 -- 9; 1 -- 9; 1 -- 10; 1 -- 11; 2 -- 9; 2 -- 10; 2 -- 11;
    3 -- 9; 4 -- 10; 5 -- 10; 6 -- 11; 7 -- 11; 9 -- 10; 9 -- 11;
    10 -- 11;
    [[8, 9], [9, 10, 11], [9, 10, 11], [9], [10], [10], [11], [11], [0], [0, 1, 2, 3, 10, 11], [1, 2, 4, 5, 9, 11], [1, 2, 6, 7, 9, 10]]
}

graph r3_10_6e23 {
    0; 1; 2; 3; 4; 5; 6; 7; 8; 9; 10; 11;
    0 -- 8; 0 -- 9; 0 -- 11; 1 -- 9; 1 -- 11; 2 -- 9; 3 -- 10; 4 -- 10;
    5 -- 10; 6 -- 10; 7 -- 11; 8 -- 9; 8 -- 11; 9 -- 11;
    [[8, 9, 11], [9, 11], [9], [10], [10], [10], [10], [11], [0, 9, 11], [0, 1, 2, 8, 11], [3, 4, 5, 6], [0, 1, 7, 8, 9]]
}

graph r3_10_6e24 {
    0; 1; 2; 3; 4; 5; 6; 7; 8; 9; 10; 11;
    0 -- 8; 0 -- 9; 0 -- 11; 1 -- 9; 1 -- 11; 2 -- 9; 3 -- 10; 3 -- 11;
    4 -- 10; 4 -- 11; 5 -- 10; 5 -- 11; 6 -- 10; 7 -- 11; 8 -- 9;
    [[8, 9, 11], [9, 11], [9], [10, 11], [10, 11], [10, 11], [10], [11], [0, 9], [0, 1, 2, 8], [3, 4, 5, 6], [0, 1, 3, 4, 5, 7]]
}

graph r3_10_6e25 {
    0; 1; 2; 3; 4; 5; 6; 7; 8; 9; 10; 11;
    0 -- 8; 0 -- 9; 0 -- 11; 1 -- 9; 1 -- 11; 2 -- 9; 3 -- 10; 3 -- 11;
    4 -- 10; 5 -- 10; 6 -- 10; 7 -- 11; 8 -- 9; 8 -- 11; 9 -- 11;
    [[8, 9, 11], [9, 11], [9], [10, 11], [10], [10], [10], [11], [0, 9, 11], [0, 1, 2, 8, 11], [3, 4, 5, 6], [0, 1, 3, 7, 8, 9]]
}

graph r3_10_6e26 {
    0; 1; 2; 3; 4; 5; 6; 7; 8; 9; 10; 11;
    0 -- 8; 0 -- 9; 0 -- 11; 1 -- 9; 1 -- 11; 2 -- 9; 3 -- 10; 4 -- 10;
    5 -- 10; 6 -- 10; 7 -- 11; 8 -- 9; 8 -- 11; 9 -- 11; 10 -- 11;
    [[8, 9, 11], [9, 11], [9], [10], [10], [10], [10], [11], [0, 9, 11], [0, 1, 2, 8, 11], [3, 4, 5, 6, 11], [0, 1, 7, 8, 9, 10]]
}

graph r3_10_6e27 {
    0; 1; 2; 3; 4; 5; 6; 7; 8; 9; 10; 11;
    0 -- 8; 0 -- 9; 0 -- 10; 1 -- 9; 1 -- 10; 2 -- 9; 3 -- 10; 3 -- 11;
    4 -- 10; 4 -- 11; 5 -- 10; 5 -- 11; 6 -- 11; 7 -- 11; 8 -- 9;
    [[8, 9, 10], [9, 10], [9], [10, 11], [10, 11], [10, 11], [11], [11], [0, 9], [0, 1, 2, 8], [0, 1, 3, 4, 5], [3, 4, 5, 6, 7]]
}

graph r3_10_6e28 {
    0; 1; 2; 3; 4; 5; 6; 7; 8; 9; 10; 11;
    0 -- 8; 0 -- 9; 0 -- 10; 0 -- 11; 1 -- 9; 1 -- 10; 2 -- 9; 3 -- 10;
    4 -- 11; 5 -- 11; 6 -- 11; 7 -- 11; 8 -- 9; 8 -- 10; 9 -- 10;
    [[8, 9, 10, 11], [9, 10], [9], [10], [11], [11], [11], [11], [0, 9, 10], [0, 1, 2, 8, 10], [0, 1, 3, 8, 9], [0, 4, 5, 6, 7]]
}

graph r3_10_6e29 {
    0; 1; 2; 3; 4; 5; 6; 7; 8; 9; 10; 11;
    0 -- 8; 0 -- 9; 0 -- 10; 1 -- 9; 1 -- 10; 1 -- 11; 2 -- 9; 3 -- 10;
    4 -- 11; 5 -- 11; 6 -- 11; 7 -- 11; 8 -- 9; 8 -- 10; 9 -- 10;
    [[8, 9, 10], [9, 10, 11], [9], [10], [11], [11], [11], [11], [0, 9, 10], [0, 1, 2, 8, 10], [0, 1, 3, 8, 9], [1, 4, 5, 6, 7]]
}

graph r3_10_6e30 {
    0; 1; 2; 3; 4; 5; 6; 7; 8; 9; 10; 11;
    0 -- 8; 0 -- 9; 0 -- 10; 1 -- 9; 1 -- 10; 2 -- 9; 2 -- 11; 3 -- 10;
    4 -- 11; 5 -- 11; 6 -- 11; 7 -- 11; 8 -- 9; 8 -- 10; 9 -- 10;
    [[8, 9, 10], [9, 10], [9, 11], [10], [11], [11], [11], [11], [0, 9, 10], [0, 1, 2, 8, 10], [0, 1, 3, 8, 9], [2, 4, 5, 6, 7]]
}

graph r3_10_6e31 {
    0; 1; 2; 3; 4; 5; 6; 7; 8; 9; 10; 11;
    0 -- 8; 0 -- 9; 0 -- 10; 0 -- 11; 1 -- 9; 2 -- 9; 3 -- 10; 4 -- 10;
    5 -- 10; 6 -- 11; 7 -- 11; 8 -- 9; 8 -- 10; 8 -- 11; 9 -- 11;
    10 -- 11;
    [[8, 9, 10, 11], [9], [9], [10], [10], [10], [11], [11], [0, 9, 10, 11], [0, 1, 2, 8, 11], [0, 3, 4, 5, 8, 11], [0, 6, 7, 8, 9, 10]]
}

graph r3_10_6e32 {
    0; 1; 2; 3; 4; 5; 6; 7; 8; 9; 10; 11;
    0 -- 8; 0 -- 9; 0 -- 10; 0 -- 11; 1 -- 9; 2 -- 9; 3 -- 10; 4 -- 10;
    5 -- 11; 6 -- 11; 8 -- 9; 8 -- 10; 8 -- 11; 9 -- 10; 9 -- 11;
    10 -- 11;
    [[8, 9, 10, 11], [9], [9], [10], [10], [11], [11], [], [0, 9, 10, 11], [0, 1, 2, 8, 10, 11], [0, 3, 4, 8, 9, 11], [0, 5, 6, 8, 9, 10]]
}

graph r3_10_6e33 {
    0; 1; 2; 3; 4; 5; 6; 7; 8; 9; 10; 11;
    0 -- 8; 0 -- 9; 0 -- 10; 0 -- 11; 1 -- 9; 2 -- 9; 3 -- 10; 4 -- 10;
    5 -- 11; 6 -- 11; 7 -- 11; 8 -- 9; 8 -- 10; 8 -- 11; 9 -- 10;
    9 -- 11; 10 -- 11;
    [[8, 9, 10, 11], [9], [9], [10], [10], [11], [11], [11], [0, 9, 10, 11], [0, 1, 2, 8, 10, 11], [0, 3, 4, 8, 9, 11], [0, 5, 6, 7, 8, 9, 10]]
}

graph r3_10_6e34 {
    0; 1; 2; 3; 4; 5; 6; 7; 8; 9; 10; 11;
    0 -- 8; 0 -- 10; 0 -- 11; 1 -- 9; 1 -- 10; 2 -- 9; 2 -- 10; 3 -- 9;
    3 -- 10; 4 -- 9; 5 -- 10; 5 -- 11; 6 -- 11; 7 -- 11; 8 -- 11;
    [[8, 10, 11], [9, 10], [9, 10], [9, 10], [9], [10, 11], [11], [11], [0, 11], [1, 2, 3, 4], [0, 1, 2, 3, 5], [0, 5, 6, 7, 8]]
}

graph r3_10_6e35 {
    0; 1; 2; 3; 4; 5; 6; 7; 8; 9; 10; 11;
    0 -- 8; 0 -- 9; 1 -- 8; 1 -- 9; 2 -- 9; 3 -- 9; 4 -- 10; 4 -- 11;
    5 -- 10; 5 -- 11; 6 -- 10; 6 -- 11; 7 -- 10; 8 -- 11; 10 -- 11;
    [[8, 9], [8, 9], [9], [9], [10, 11], [10, 11], [10, 11], [10], [0, 1, 11], [0, 1, 2, 3], [4, 5, 6, 7, 11], [4, 5, 6, 8, 10]]
}

graph r3_10_6e36 {
    0; 1; 2; 3; 4; 5; 6; 7; 8; 9; 10; 11;
    0 -- 8; 0 -- 9; 0 -- 11; 1 -- 8; 1 -- 9; 1 -- 11; 2 -- 9; 3 -- 10;
    4 -- 10; 5 -- 10; 6 -- 10; 7 -- 11; 8 -- 9; 8 -- 11; 9 -- 11;
    [[8, 9, 11], [8, 9, 11], [9], [10], [10], [10], [10], [11], [0, 1, 9, 11], [0, 1, 2, 8, 11], [3, 4, 5, 6], [0, 1, 7, 8, 9]]
}

graph r3_10_6e37 {
    0; 1; 2; 3; 4; 5; 6; 7; 8; 9; 10; 11;
    0 -- 8; 0 -- 9; 0 -- 11; 1 -- 8; 1 -- 9; 1 -- 11; 2 -- 9; 3 -- 10;
    3 -- 11; 4 -- 10; 4 -- 11; 5 -- 10; 5 -- 11; 6 -- 10; 7 -- 11;
    8 -- 9;
    [[8, 9, 11], [8, 9, 11], [9], [10, 11], [10, 11], [10, 11], [10], [11], [0, 1, 9], [0, 1, 2, 8], [3, 4, 5, 6], [0, 1, 3, 4, 5, 7]]
}

graph r3_10_6e38 {
    0; 1; 2; 3; 4; 5; 6; 7; 8; 9; 10; 11;
    0 -- 8; 0 -- 9; 0 -- 11; 1 -- 8; 1 -- 9; 1 -- 11; 2 -- 9; 3 -- 10;
    3 -- 11; 4 -- 10; 5 -- 10; 6 -- 10; 7 -- 11; 8 -- 9; 8 -- 11;
    9 -- 11;
    [[8, 9, 11], [8, 9, 11], [9], [10, 11], [10], [10], [10], [11], [0, 1, 9, 11], [0, 1, 2, 8, 11], [3, 4, 5, 6], [0, 1, 3, 7, 8, 9]]
}

graph r3_10_6e39 {
    0; 1; 2; 3; 4; 5; 6; 7; 8; 9; 10; 11;
    0 -- 8; 0 -- 9; 0 -- 11; 1 -- 8; 1 -- 9; 1 -- 11; 2 -- 9; 3 -- 10;
    4 -- 10; 5 -- 10; 6 -- 10; 7 -- 11; 8 -- 9; 8 -- 11; 9 -- 11;
    10 -- 11;
    [[8, 9, 11], [8, 9, 11], [9], [10], [10], [10], [10], [11], [0, 1, 9, 11], [0, 1, 2, 8, 11], [3, 4, 5, 6, 11], [0, 1, 7, 8, 9, 10]]
}

graph r3_10_6e40 {
    0; 1; 2; 3; 4; 5; 6; 7; 8; 9; 10; 11;
    0 -- 8; 0 -- 9; 0 -- 10; 1 -- 8; 1 -- 9; 1 -- 10; 2 -- 9; 3 -- 10;
    3 -- 11; 4 -- 10; 4 -- 11; 5 -- 10; 5 -- 11; 6 -- 11; 7 -- 11;
    8 -- 9;
    [[8, 9, 10], [8, 9, 10], [9], [10, 11], [10, 11], [10, 11], [11], [11], [0, 1, 9], [0, 1, 2, 8], [0, 1, 3, 4, 5], [3, 4, 5, 6, 7]]
}

graph r3_10_6e41 {
    0; 1; 2; 3; 4; 5; 6; 7; 8; 9; 10; 11;
    0 -- 8; 0 -- 9; 0 -- 10; 0 -- 11; 1 -- 8; 1 -- 9; 1 -- 10; 2 -- 9;
    3 -- 10; 4 -- 11; 5 -- 11; 6 -- 11; 7 -- 11; 8 -- 9; 8 -- 10;
    9 -- 10;
    [[8, 9, 10, 11], [8, 9, 10], [9], [10], [11], [11], [11], [11], [0, 1, 9, 10], [0, 1, 2, 8, 10], [0, 1, 3, 8, 9], [0, 4, 5, 6, 7]]
}

graph r3_10_6e42 {
    0; 1; 2; 3; 4; 5; 6; 7; 8; 9; 10; 11;
    0 -- 8; 0 -- 9; 0 -- 10; 1 -- 8; 1 -- 9; 1 -- 10; 2 -- 9; 2 -- 11;
    3 -- 10; 4 -- 11; 5 -- 11; 6 -- 11; 7 -- 11; 8 -- 9; 8 -- 10;
    9 -- 10;
    [[8, 9, 10], [8, 9, 10], [9, 11], [10], [11], [11], [11], [11], [0, 1, 9, 10], [0, 1, 2, 8, 10], [0, 1, 3, 8, 9], [2, 4, 5, 6, 7]]
}

graph r3_10_6e43 {
    0; 1; 2; 3; 4; 5; 6; 7; 8; 9; 10; 11;
    0 -- 8; 0 -- 9; 0 -- 10; 1 -- 8; 1 -- 9; 1 -- 10; 2 -- 9; 3 -- 10;
    4 -- 11; 5 -- 11; 6 -- 11; 7 -- 11; 8 -- 9; 8 -- 10; 8 -- 11;
    9 -- 10;
    [[8, 9, 10], [8, 9, 10], [9], [10], [11], [11], [11], [11], [0, 1, 9, 10, 11], [0, 1, 2, 8, 10], [0, 1, 3, 8, 9], [4, 5, 6, 7, 8]]
}

graph r3_10_6e44 {
    0; 1; 2; 3; 4; 5; 6; 7; 8; 9; 10; 11;
    0 -- 8; 0 -- 9; 1 -- 8; 1 -- 10; 2 -- 9; 2 -- 11; 3 -- 9; 3 -- 11;
    4 -- 9; 4 -- 11; 5 -- 10; 5 -- 11; 6 -- 10; 6 -- 11; 7 -- 10;
    7 -- 11;
    [[8, 9], [8, 10], [9, 11], [9, 11], [9, 11], [10, 11], [10, 11], [10, 11], [0, 1], [0, 2, 3, 4], [1, 5, 6, 7], [2, 3, 4, 5, 6, 7]]
}

graph r3_10_6e45 {
    0; 1; 2; 3; 4; 5; 6; 7; 8; 9; 10; 11;
    0 -- 8; 0 -- 9; 1 -- 8; 1 -- 10; 1 -- 11; 2 -- 9; 3 -- 9; 4 -- 9;
    5 -- 10; 5 -- 11; 6 -- 10; 7 -- 11; 8 -- 10; 8 -- 11; 10 -- 11;
    [[8, 9], [8, 10, 11], [9], [9], [9], [10, 11], [10], [11], [0, 1, 10, 11], [0, 2, 3, 4], [1, 5, 6, 8, 11], [1, 5, 7, 8, 10]]
}

graph r3_10_6e46 {
    0; 1; 2; 3; 4; 5; 6; 7; 8; 9; 10; 11;
    0 -- 8; 0 -- 9; 0 -- 10; 0 -- 11; 1 -- 8; 2 -- 9; 3 -- 9; 4 -- 10;
    5 -- 10; 6 -- 11; 7 -- 11; 8 -- 9; 8 -- 10; 8 -- 11; 9 -- 10;
    9 -- 11; 10 -- 11;
    [[8, 9, 10, 11], [8], [9], [9], [10], [10], [11], [11], [0, 1, 9, 10, 11], [0, 2, 3, 8, 10, 11], [0, 4, 5, 8, 9, 11], [0, 6, 7, 8, 9, 10]]
}

graph r3_10_6e47 {
    0; 1; 2; 3; 4; 5; 6; 7; 8; 9; 10; 11;
    0 -- 8; 0 -- 10; 0 -- 11; 1 -- 8; 1 -- 10; 1 -- 11; 2 -- 9; 2 -- 10;
    3 -- 9; 3 -- 10; 4 -- 9; 4 -- 10; 5 -- 9; 6 -- 11; 7 -- 11; 8 -- 11;
    [[8, 10, 11], [8, 10, 11], [9, 10], [9, 10], [9, 10], [9], [11], [11], [0, 1, 11], [2, 3, 4, 5], [0, 1, 2, 3, 4], [0, 1, 6, 7, 8]]
}

graph r3_10_6e48 {
    0; 1; 2; 3; 4; 5; 6; 7; 8; 9; 10; 11;
    0 -- 8; 0 -- 9; 1 -- 8; 1 -- 9; 2 -- 8; 2 -- 9; 3 -- 9; 4 -- 10;
    4 -- 11; 5 -- 10; 5 -- 11; 6 -- 10; 6 -- 11; 7 -- 10; 8 -- 11;
    10 -- 11;
    [[8, 9], [8, 9], [8, 9], [9], [10, 11], [10, 11], [10, 11], [10], [0, 1, 2, 11], [0, 1, 2, 3], [4, 5, 6, 7, 11], [4, 5, 6, 8, 10]]
}

graph r3_10_6e49 {
    0; 1; 2; 3; 4; 5; 6; 7; 8; 9; 10; 11;
    0 -- 8; 0 -- 9; 0 -- 11; 1 -- 8; 1 -- 9; 1 -- 11; 2 -- 8; 2 -- 10;
    3 -- 9; 4 -- 10; 5 -- 10; 6 -- 10; 7 -- 11; 8 -- 9; 8 -- 11;
    9 -- 11;
    [[8, 9, 11], [8, 9, 11], [8, 10], [9], [10], [10], [10], [11], [0, 1, 2, 9, 11], [0, 1, 3, 8, 11], [2, 4, 5, 6], [0, 1, 7, 8, 9]]
}

graph r3_10_6e50 {
    0; 1; 2; 3; 4; 5; 6; 7; 8; 9; 10; 11;
    0 -- 7; 0 -- 9; 0 -- 11; 1 -- 8; 1 -- 9; 1 -- 11; 2 -- 9; 3 -- 10;
    4 -- 10; 5 -- 10; 6 -- 11; 7 -- 9; 7 -- 11; 8 -- 10; 9 -- 11;
    [[7, 9, 11], [8, 9, 11], [9], [10], [10], [10], [11], [0, 9, 11], [1, 10], [0, 1, 2, 7, 11], [3, 4, 5, 8], [0, 1, 6, 7, 9]]
}

graph r3_10_6e51 {
    0; 1; 2; 3; 4; 5; 6; 7; 8; 9; 10; 11;
    0 -- 7; 0 -- 9; 0 -- 11; 1 -- 8; 1 -- 9; 2 -- 9; 2 -- 11; 3 -- 10;
    4 -- 10; 5 -- 10; 6 -- 11; 7 -- 9; 7 -- 11; 8 -- 10; 9 -- 11;
    [[7, 9, 11], [8, 9], [9, 11], [10], [10], [10], [11], [0, 9, 11], [1, 10], [0, 1, 2, 7, 11], [3, 4, 5, 8], [0, 2, 6, 7, 9]]
}

graph r3_10_6e52 {
    0; 1; 2; 3; 4; 5; 6; 7; 8; 9; 10; 11;
    0 -- 7; 0 -- 9; 0 -- 10; 0 -- 11; 1 -- 8; 1 -- 9; 2 -- 9; 3 -- 10;
    4 -- 10; 5 -- 11; 6 -- 11; 7 -- 9; 7 -- 10; 7 -- 11; 9 -- 10;
    9 -- 11; 10 -- 11;
    [[7, 9, 10, 11], [8, 9], [9], [10], [10], [11], [11], [0, 9, 10, 11], [1], [0, 1, 2, 7, 10, 11], [0, 3, 4, 7, 9, 11], [0, 5, 6, 7, 9, 10]]
}

graph r3_10_6e53 {
    0; 1; 2; 3; 4; 5; 6; 7; 8; 9; 10; 11;
    0 -- 7; 0 -- 8; 0 -- 9; 0 -- 11; 1 -- 8; 1 -- 9; 1 -- 11; 2 -- 9;
    3 -- 10; 4 -- 10; 5 -- 10; 6 -- 11; 7 -- 10; 8 -- 9; 8 -- 11;
    9 -- 11;
    [[7, 8, 9, 11], [8, 9, 11], [9], [10], [10], [10], [11], [0, 10], [0, 1, 9, 11], [0, 1, 2, 8, 11], [3, 4, 5, 7], [0, 1, 6, 8, 9]]
}

graph r3_10_6e54 {
    0; 1; 2; 3; 4; 5; 6; 7; 8; 9; 10; 11;
    0 -- 7; 0 -- 8; 0 -- 9; 0 -- 11; 1 -- 9; 2 -- 10; 3 -- 10; 4 -- 10;
    5 -- 10; 6 -- 11; 7 -- 8; 7 -- 9; 7 -- 11; 8 -- 9; 8 -- 11; 9 -- 11;
    [[7, 8, 9, 11], [9], [10], [10], [10], [10], [11], [0, 8, 9, 11], [0, 7, 9, 11], [0, 1, 7, 8, 11], [2, 3, 4, 5], [0, 6, 7, 8, 9]]
}

graph r3_10_6e55 {
    0; 1; 2; 3; 4; 5; 6; 7; 8; 9; 10; 11;
    0 -- 7; 0 -- 8; 0 -- 9; 0 -- 11; 1 -- 9; 2 -- 10; 2 -- 11; 3 -- 10;
    4 -- 10; 5 -- 10; 6 -- 11; 7 -- 8; 7 -- 9; 7 -- 11; 8 -- 9; 8 -- 11;
    9 -- 11;
    [[7, 8, 9, 11], [9], [10, 11], [10], [10], [10], [11], [0, 8, 9, 11], [0, 7, 9, 11], [0, 1, 7, 8, 11], [2, 3, 4, 5], [0, 2, 6, 7, 8, 9]]
}

graph r3_10_6e56 {
    0; 1; 2; 3; 4; 5; 6; 7; 8; 9; 10; 11;
    0 -- 7; 0 -- 8; 0 -- 9; 0 -- 11; 1 -- 9; 2 -- 10; 3 -- 10; 4 -- 10;
    5 -- 10; 6 -- 11; 7 -- 8; 7 -- 9; 7 -- 11; 8 -- 9; 8 -- 11; 9 -- 11;
    10 -- 11;
    [[7, 8, 9, 11], [9], [10], [10], [10], [10], [11], [0, 8, 9, 11], [0, 7, 9, 11], [0, 1, 7, 8, 11], [2, 3, 4, 5, 11], [0, 6, 7, 8, 9, 10]]
}

graph r3_10_6e57 {
    0; 1; 2; 3; 4; 5; 6; 7; 8; 9; 10; 11;
    0 -- 7; 0 -- 8; 0 -- 9; 0 -- 10; 0 -- 11; 1 -- 9; 2 -- 10; 3 -- 10;
    4 -- 10; 5 -- 10; 6 -- 11; 7 -- 8; 7 -- 9; 7 -- 11; 8 -- 9; 8 -- 11;
    9 -- 11;
    [[7, 8, 9, 10, 11], [9], [10], [10], [10], [10], [11], [0, 8, 9, 11], [0, 7, 9, 11], [0, 1, 7, 8, 11], [0, 2, 3, 4, 5], [0, 6, 7, 8, 9]]
}

graph r3_10_6e58 {
    0; 1; 2; 3; 4; 5; 6; 7; 8; 9; 10; 11;
    0 -- 7; 0 -- 8; 0 -- 9; 0 -- 10; 1 -- 9; 1 -- 11; 2 -- 10; 3 -- 11;
    4 -- 11; 5 -- 11; 6 -- 11; 7 -- 8; 7 -- 9; 7 -- 10; 8 -- 9; 8 -- 10;
    9 -- 10;
    [[7, 8, 9, 10], [9, 11], [10], [11], [11], [11], [11], [0, 8, 9, 10], [0, 7, 9, 10], [0, 1, 7, 8, 10], [0, 2, 7, 8, 9], [1, 3, 4, 5, 6]]
}

graph r3_10_6e59 {
    0; 1; 2; 3; 4; 5; 6; 7; 8; 9; 10; 11;
    0 -- 7; 0 -- 9; 1 -- 8; 1 -- 9; 1 -- 11; 2 -- 8; 2 -- 9; 2 -- 11;
    3 -- 10; 4 -- 10; 5 -- 10; 6 -- 11; 7 -- 10; 8 -- 9; 8 -- 11;
    9 -- 11;
    [[7, 9], [8, 9, 11], [8, 9, 11], [10], [10], [10], [11], [0, 10], [1, 2, 9, 11], [0, 1, 2, 8, 11], [3, 4, 5, 7], [1, 2, 6, 8, 9]]
}

graph r3_10_6e60 {
    0; 1; 2; 3; 4; 5; 6; 7; 8; 9; 10; 11;
    0 -- 7; 0 -- 9; 0 -- 11; 1 -- 8; 1 -- 10; 2 -- 8; 2 -- 10; 3 -- 9;
    3 -- 11; 4 -- 9; 5 -- 10; 6 -- 10; 7 -- 9; 7 -- 11; 8 -- 11;
    9 -- 11;
    [[7, 9, 11], [8, 10], [8, 10], [9, 11], [9], [10], [10], [0, 9, 11], [1, 2, 11], [0, 3, 4, 7, 11], [1, 2, 5, 6], [0, 3, 7, 8, 9]]
}

graph r3_10_6e61 {
    0; 1; 2; 3; 4; 5; 6; 7; 8; 9; 10; 11;
    0 -- 7; 0 -- 8; 0 -- 9; 0 -- 11; 1 -- 8; 1 -- 10; 2 -- 9; 3 -- 10;
    4 -- 10; 5 -- 10; 6 -- 11; 7 -- 8; 7 -- 9; 7 -- 11; 8 -- 9; 8 -- 11;
    9 -- 11;
    [[7, 8, 9, 11], [8, 10], [9], [10], [10], [10], [11], [0, 8, 9, 11], [0, 1, 7, 9, 11], [0, 2, 7, 8, 11], [1, 3, 4, 5], [0, 6, 7, 8, 9]]
}

graph r3_10_6e62 {
    0; 1; 2; 3; 4; 5; 6; 7; 8; 9; 10; 11;
    0 -- 7; 0 -- 8; 0 -- 11; 1 -- 8; 1 -- 11; 2 -- 9; 2 -- 10; 3 -- 9;
    3 -- 10; 4 -- 9; 4 -- 10; 5 -- 9; 6 -- 11; 7 -- 8; 7 -- 11; 8 -- 10;
    8 -- 11;
    [[7, 8, 11], [8, 11], [9, 10], [9, 10], [9, 10], [9], [11], [0, 8, 11], [0, 1, 7, 10, 11], [2, 3, 4, 5], [2, 3, 4, 8], [0, 1, 6, 7, 8]]
}

graph r3_10_6e63 {
    0; 1; 2; 3; 4; 5; 6; 7; 8; 9; 10; 11;
    0 -- 7; 0 -- 9; 1 -- 7; 1 -- 9; 2 -- 8; 2 -- 10; 2 -- 11; 3 -- 8;
    3 -- 10; 3 -- 11; 4 -- 9; 5 -- 9; 6 -- 10; 7 -- 11; 8 -- 10;
    8 -- 11; 10 -- 11;
    [[7, 9], [7, 9], [8, 10, 11], [8, 10, 11], [9], [9], [10], [0, 1, 11], [2, 3, 10, 11], [0, 1, 4, 5], [2, 3, 6, 8, 11], [2, 3, 7, 8, 10]]
}

graph r3_10_6e64 {
    0; 1; 2; 3; 4; 5; 6; 7; 8; 9; 10; 11;
    0 -- 7; 0 -- 8; 0 -- 11; 1 -- 7; 1 -- 8; 1 -- 11; 2 -- 9; 2 -- 10;
    3 -- 9; 3 -- 10; 4 -- 9; 4 -- 10; 5 -- 9; 6 -- 11; 7 -- 8; 7 -- 10;
    7 -- 11; 8 -- 11;
    [[7, 8, 11], [7, 8, 11], [9, 10], [9, 10], [9, 10], [9], [11], [0, 1, 8, 10, 11], [0, 1, 7, 11], [2, 3, 4, 5], [2, 3, 4, 7], [0, 1, 6, 7, 8]]
}

graph r3_10_6e65 {
    0; 1; 2; 3; 4; 5; 6; 7; 8; 9; 10; 11;
    0 -- 6; 0 -- 8; 0 -- 9; 0 -- 11; 1 -- 7; 1 -- 9; 2 -- 10; 3 -- 10;
    4 -- 10; 5 -- 11; 6 -- 8; 6 -- 9; 6 -- 11; 7 -- 10; 8 -- 9; 8 -- 11;
    9 -- 11;
    [[6, 8, 9, 11], [7, 9], [10], [10], [10], [11], [0, 8, 9, 11], [1, 10], [0, 6, 9, 11], [0, 1, 6, 8, 11], [2, 3, 4, 7], [0, 5, 6, 8, 9]]
}

graph r3_10_6e66 {
    0; 1; 2; 3; 4; 5; 6; 7; 8; 9; 10; 11;
    0 -- 6; 0 -- 7; 0 -- 9; 0 -- 11; 1 -- 8; 1 -- 10; 2 -- 8; 2 -- 10;
    3 -- 9; 4 -- 10; 5 -- 10; 6 -- 7; 6 -- 9; 6 -- 11; 7 -- 9; 7 -- 11;
    8 -- 11; 9 -- 11;
    [[6, 7, 9, 11], [8, 10], [8, 10], [9], [10], [10], [0, 7, 9, 11], [0, 6, 9, 11], [1, 2, 11], [0, 3, 6, 7, 11], [1, 2, 4, 5], [0, 6, 7, 8, 9]]
}

graph r3_10_6e67 {
    0; 1; 2; 3; 4; 5; 6; 7; 8; 9; 10; 11;
    0 -- 6; 0 -- 7; 0 -- 8; 0 -- 9; 0 -- 11; 1 -- 9; 1 -- 10; 2 -- 9;
    2 -- 10; 3 -- 9; 3 -- 10; 4 -- 10; 5 -- 11; 6 -- 7; 6 -- 8; 6 -- 11;
    7 -- 8; 7 -- 11; 8 -- 11;
    [[6, 7, 8, 9, 11], [9, 10], [9, 10], [9, 10], [10], [11], [0, 7, 8, 11], [0, 6, 8, 11], [0, 6, 7, 11], [0, 1, 2, 3], [1, 2, 3, 4], [0, 5, 6, 7, 8]]
}

R^PG_3(10,6) = 13
67 extremal graph(s)
running time:6677.446113824844sec
