Finding R^PG_3(7,6)

Order & number of counterexample graphs:
0 1
1 1
2 2
3 4
4 11
5 33
6 92
7 178
8 28
9 0

28 extremal graph(s):

graph r3_7_6e1 {
    0; 1; 2; 3; 4; 5; 6; 7;
    0 -- 6; 0 -- 7; 1 -- 6; 1 -- 7; 2 -- 6; 2 -- 7; 3 -- 6; 4 -- 7;
    5 -- 7;
    [[6, 7], [6, 7], [6, 7], [6], [7], [7], [0, 1, 2, 3], [0, 1, 2, 4, 5]]
}

graph r3_7_6e2 {
    0; 1; 2; 3; 4; 5; 6; 7;
    0 -- 6; 0 -- 7; 1 -- 6; 1 -- 7; 2 -- 6; 2 -- 7; 3 -- 6; 4 -- 7;
    6 -- 7;
    [[6, 7], [6, 7], [6, 7], [6], [7], [], [0, 1, 2, 3, 7], [0, 1, 2, 4, 6]]
}

graph r3_7_6e3 {
    0; 1; 2; 3; 4; 5; 6; 7;
    0 -- 6; 0 -- 7; 1 -- 6; 1 -- 7; 2 -- 6; 3 -- 6; 4 -- 7; 5 -- 7;
    6 -- 7;
    [[6, 7], [6, 7], [6], [6], [7], [7], [0, 1, 2, 3, 7], [0, 1, 4, 5, 6]]
}

graph r3_7_6e4 {
    0; 1; 2; 3; 4; 5; 6; 7;
    0 -- 6; 0 -- 7; 1 -- 6; 1 -- 7; 2 -- 6; 2 -- 7; 3 -- 6; 4 -- 7;
    5 -- 7; 6 -- 7;
    [[6, 7], [6, 7], [6, 7], [6], [7], [7], [0, 1, 2, 3, 7], [0, 1, 2, 4, 5, 6]]
}

graph r3_7_6e5 {
    0; 1; 2; 3; 4; 5; 6; 7;
    0 -- 5; 0 -- 6; 0 -- 7; 1 -- 6; 1 -- 7; 2 -- 6; 2 -- 7; 3 -- 6;
    4 -- 7; 6 -- 7;
    [[5, 6, 7], [6, 7], [6, 7], [6], [7], [0], [0, 1, 2, 3, 7], [0, 1, 2, 4, 6]]
}

graph r3_7_6e6 {
    0; 1; 2; 3; 4; 5; 6; 7;
    0 -- 5; 0 -- 6; 0 -- 7; 1 -- 6; 1 -- 7; 2 -- 6; 3 -- 6; 4 -- 7;
    5 -- 7; 6 -- 7;
    [[5, 6, 7], [6, 7], [6], [6], [7], [0, 7], [0, 1, 2, 3, 7], [0, 1, 4, 5, 6]]
}

graph r3_7_6e7 {
    0; 1; 2; 3; 4; 5; 6; 7;
    0 -- 5; 0 -- 6; 1 -- 6; 1 -- 7; 2 -- 6; 2 -- 7; 3 -- 6; 3 -- 7;
    4 -- 7; 6 -- 7;
    [[5, 6], [6, 7], [6, 7], [6, 7], [7], [0], [0, 1, 2, 3, 7], [1, 2, 3, 4, 6]]
}

graph r3_7_6e8 {
    0; 1; 2; 3; 4; 5; 6; 7;
    0 -- 5; 0 -- 6; 0 -- 7; 1 -- 6; 1 -- 7; 2 -- 6; 3 -- 7; 4 -- 7;
    5 -- 6; 5 -- 7;
    [[5, 6, 7], [6, 7], [6], [7], [7], [0, 6, 7], [0, 1, 2, 5], [0, 1, 3, 4, 5]]
}

graph r3_7_6e9 {
    0; 1; 2; 3; 4; 5; 6; 7;
    0 -- 5; 0 -- 6; 0 -- 7; 1 -- 6; 1 -- 7; 2 -- 6; 3 -- 7; 5 -- 6;
    5 -- 7; 6 -- 7;
    [[5, 6, 7], [6, 7], [6], [7], [], [0, 6, 7], [0, 1, 2, 5, 7], [0, 1, 3, 5, 6]]
}

graph r3_7_6e10 {
    0; 1; 2; 3; 4; 5; 6; 7;
    0 -- 5; 0 -- 6; 0 -- 7; 1 -- 6; 2 -- 6; 3 -- 7; 4 -- 7; 5 -- 6;
    5 -- 7; 6 -- 7;
    [[5, 6, 7], [6], [6], [7], [7], [0, 6, 7], [0, 1, 2, 5, 7], [0, 3, 4, 5, 6]]
}

graph r3_7_6e11 {
    0; 1; 2; 3; 4; 5; 6; 7;
    0 -- 5; 0 -- 6; 0 -- 7; 1 -- 6; 1 -- 7; 2 -- 6; 3 -- 7; 4 -- 7;
    5 -- 6; 5 -- 7; 6 -- 7;
    [[5, 6, 7], [6, 7], [6], [7], [7], [0, 6, 7], [0, 1, 2, 5, 7], [0, 1, 3, 4, 5, 6]]
}

graph r3_7_6e12 {
    0; 1; 2; 3; 4; 5; 6; 7;
    0 -- 5; 0 -- 6; 0 -- 7; 1 -- 5; 1 -- 6; 1 -- 7; 2 -- 6; 3 -- 6;
    4 -- 7; 5 -- 7; 6 -- 7;
    [[5, 6, 7], [5, 6, 7], [6], [6], [7], [0, 1, 7], [0, 1, 2, 3, 7], [0, 1, 4, 5, 6]]
}

graph r3_7_6e13 {
    0; 1; 2; 3; 4; 5; 6; 7;
    0 -- 5; 0 -- 6; 0 -- 7; 1 -- 5; 1 -- 6; 1 -- 7; 2 -- 6; 3 -- 7;
    4 -- 7; 5 -- 6; 5 -- 7;
    [[5, 6, 7], [5, 6, 7], [6], [7], [7], [0, 1, 6, 7], [0, 1, 2, 5], [0, 1, 3, 4, 5]]
}

graph r3_7_6e14 {
    0; 1; 2; 3; 4; 5; 6; 7;
    0 -- 5; 0 -- 6; 0 -- 7; 1 -- 5; 1 -- 6; 1 -- 7; 2 -- 6; 3 -- 7;
    5 -- 6; 5 -- 7; 6 -- 7;
    [[5, 6, 7], [5, 6, 7], [6], [7], [], [0, 1, 6, 7], [0, 1, 2, 5, 7], [0, 1, 3, 5, 6]]
}

graph r3_7_6e15 {
    0; 1; 2; 3; 4; 5; 6; 7;
    0 -- 5; 0 -- 6; 0 -- 7; 1 -- 5; 1 -- 6; 2 -- 6; 3 -- 7; 4 -- 7;
    5 -- 6; 5 -- 7; 6 -- 7;
    [[5, 6, 7], [5, 6], [6], [7], [7], [0, 1, 6, 7], [0, 1, 2, 5, 7], [0, 3, 4, 5, 6]]
}

graph r3_7_6e16 {
    0; 1; 2; 3; 4; 5; 6; 7;
    0 -- 5; 0 -- 6; 0 -- 7; 1 -- 5; 1 -- 6; 1 -- 7; 2 -- 6; 3 -- 7;
    4 -- 7; 5 -- 6; 5 -- 7; 6 -- 7;
    [[5, 6, 7], [5, 6, 7], [6], [7], [7], [0, 1, 6, 7], [0, 1, 2, 5, 7], [0, 1, 3, 4, 5, 6]]
}

graph r3_7_6e17 {
    0; 1; 2; 3; 4; 5; 6; 7;
    0 -- 5; 0 -- 6; 0 -- 7; 1 -- 5; 2 -- 6; 2 -- 7; 3 -- 6; 4 -- 7;
    5 -- 6; 5 -- 7; 6 -- 7;
    [[5, 6, 7], [5], [6, 7], [6], [7], [0, 1, 6, 7], [0, 2, 3, 5, 7], [0, 2, 4, 5, 6]]
}

graph r3_7_6e18 {
    0; 1; 2; 3; 4; 5; 6; 7;
    0 -- 5; 0 -- 6; 0 -- 7; 1 -- 5; 1 -- 6; 1 -- 7; 2 -- 5; 3 -- 6;
    4 -- 7; 5 -- 6; 5 -- 7; 6 -- 7;
    [[5, 6, 7], [5, 6, 7], [5], [6], [7], [0, 1, 2, 6, 7], [0, 1, 3, 5, 7], [0, 1, 4, 5, 6]]
}

graph r3_7_6e19 {
    0; 1; 2; 3; 4; 5; 6; 7;
    0 -- 4; 0 -- 6; 0 -- 7; 1 -- 5; 1 -- 6; 1 -- 7; 2 -- 6; 3 -- 7;
    4 -- 6; 4 -- 7; 6 -- 7;
    [[4, 6, 7], [5, 6, 7], [6], [7], [0, 6, 7], [1], [0, 1, 2, 4, 7], [0, 1, 3, 4, 6]]
}

graph r3_7_6e20 {
    0; 1; 2; 3; 4; 5; 6; 7;
    0 -- 4; 0 -- 6; 0 -- 7; 1 -- 5; 1 -- 6; 2 -- 6; 2 -- 7; 3 -- 7;
    4 -- 6; 4 -- 7; 6 -- 7;
    [[4, 6, 7], [5, 6], [6, 7], [7], [0, 6, 7], [1], [0, 1, 2, 4, 7], [0, 2, 3, 4, 6]]
}

graph r3_7_6e21 {
    0; 1; 2; 3; 4; 5; 6; 7;
    0 -- 4; 0 -- 5; 0 -- 6; 0 -- 7; 1 -- 5; 1 -- 6; 1 -- 7; 2 -- 6;
    3 -- 7; 5 -- 6; 5 -- 7; 6 -- 7;
    [[4, 5, 6, 7], [5, 6, 7], [6], [7], [0], [0, 1, 6, 7], [0, 1, 2, 5, 7], [0, 1, 3, 5, 6]]
}

graph r3_7_6e22 {
    0; 1; 2; 3; 4; 5; 6; 7;
    0 -- 4; 0 -- 5; 0 -- 6; 0 -- 7; 1 -- 6; 2 -- 6; 3 -- 7; 4 -- 5;
    4 -- 6; 4 -- 7; 5 -- 7; 6 -- 7;
    [[4, 5, 6, 7], [6], [6], [7], [0, 5, 6, 7], [0, 4, 7], [0, 1, 2, 4, 7], [0, 3, 4, 5, 6]]
}

graph r3_7_6e23 {
    0; 1; 2; 3; 4; 5; 6; 7;
    0 -- 4; 0 -- 5; 0 -- 6; 0 -- 7; 1 -- 6; 2 -- 7; 3 -- 7; 4 -- 5;
    4 -- 6; 4 -- 7; 5 -- 6; 5 -- 7;
    [[4, 5, 6, 7], [6], [7], [7], [0, 5, 6, 7], [0, 4, 6, 7], [0, 1, 4, 5], [0, 2, 3, 4, 5]]
}

graph r3_7_6e24 {
    0; 1; 2; 3; 4; 5; 6; 7;
    0 -- 4; 0 -- 5; 0 -- 6; 0 -- 7; 1 -- 6; 2 -- 7; 4 -- 5; 4 -- 6;
    4 -- 7; 5 -- 6; 5 -- 7; 6 -- 7;
    [[4, 5, 6, 7], [6], [7], [], [0, 5, 6, 7], [0, 4, 6, 7], [0, 1, 4, 5, 7], [0, 2, 4, 5, 6]]
}

graph r3_7_6e25 {
    0; 1; 2; 3; 4; 5; 6; 7;
    0 -- 4; 0 -- 5; 0 -- 6; 0 -- 7; 1 -- 6; 2 -- 7; 3 -- 7; 4 -- 5;
    4 -- 6; 4 -- 7; 5 -- 6; 5 -- 7; 6 -- 7;
    [[4, 5, 6, 7], [6], [7], [7], [0, 5, 6, 7], [0, 4, 6, 7], [0, 1, 4, 5, 7], [0, 2, 3, 4, 5, 6]]
}

graph r3_7_6e26 {
    0; 1; 2; 3; 4; 5; 6; 7;
    0 -- 4; 0 -- 6; 1 -- 5; 1 -- 6; 1 -- 7; 2 -- 5; 2 -- 6; 2 -- 7;
    3 -- 7; 5 -- 6; 5 -- 7; 6 -- 7;
    [[4, 6], [5, 6, 7], [5, 6, 7], [7], [0], [1, 2, 6, 7], [0, 1, 2, 5, 7], [1, 2, 3, 5, 6]]
}

graph r3_7_6e27 {
    0; 1; 2; 3; 4; 5; 6; 7;
    0 -- 4; 0 -- 5; 0 -- 6; 0 -- 7; 1 -- 5; 2 -- 6; 3 -- 7; 4 -- 5;
    4 -- 6; 4 -- 7; 5 -- 6; 5 -- 7; 6 -- 7;
    [[4, 5, 6, 7], [5], [6], [7], [0, 5, 6, 7], [0, 1, 4, 6, 7], [0, 2, 4, 5, 7], [0, 3, 4, 5, 6]]
}

graph r3_7_6e28 {
    0; 1; 2; 3; 4; 5; 6; 7;
    0 -- 3; 0 -- 5; 0 -- 6; 0 -- 7; 1 -- 4; 1 -- 6; 2 -- 7; 3 -- 5;
    3 -- 6; 3 -- 7; 5 -- 6; 5 -- 7; 6 -- 7;
    [[3, 5, 6, 7], [4, 6], [7], [0, 5, 6, 7], [1], [0, 3, 6, 7], [0, 1, 3, 5, 7], [0, 2, 3, 5, 6]]
}

R^PG_3(7,6) = 9
28 extremal graph(s)
running time:1.5954225063323975sec
