Finding R^PG_3(6,7)

Order & number of counterexample graphs:
0 1
1 1
2 2
3 4
4 11
5 33
6 92
7 178
8 28
9 0

28 extremal graph(s):

graph r3_6_7e1 {
    0; 1; 2; 3; 4; 5; 6; 7;
    0 -- 5; 0 -- 6; 0 -- 7; 1 -- 5; 1 -- 6; 1 -- 7; 2 -- 5; 2 -- 6;
    2 -- 7; 3 -- 5; 3 -- 6; 4 -- 6; 4 -- 7; 5 -- 7; 6 -- 7;
    [[5, 6, 7], [5, 6, 7], [5, 6, 7], [5, 6], [6, 7], [0, 1, 2, 3, 7], [0, 1, 2, 3, 4, 7], [0, 1, 2, 4, 5, 6]]
}

graph r3_6_7e2 {
    0; 1; 2; 3; 4; 5; 6; 7;
    0 -- 5; 0 -- 6; 0 -- 7; 1 -- 5; 1 -- 6; 1 -- 7; 2 -- 5; 2 -- 6;
    2 -- 7; 3 -- 5; 3 -- 6; 4 -- 7; 5 -- 6; 5 -- 7; 6 -- 7;
    [[5, 6, 7], [5, 6, 7], [5, 6, 7], [5, 6], [7], [0, 1, 2, 3, 6, 7], [0, 1, 2, 3, 5, 7], [0, 1, 2, 4, 5, 6]]
}

graph r3_6_7e3 {
    0; 1; 2; 3; 4; 5; 6; 7;
    0 -- 5; 0 -- 6; 0 -- 7; 1 -- 5; 1 -- 6; 1 -- 7; 2 -- 5; 2 -- 6;
    3 -- 5; 3 -- 7; 4 -- 6; 4 -- 7; 5 -- 6; 5 -- 7; 6 -- 7;
    [[5, 6, 7], [5, 6, 7], [5, 6], [5, 7], [6, 7], [0, 1, 2, 3, 6, 7], [0, 1, 2, 4, 5, 7], [0, 1, 3, 4, 5, 6]]
}

graph r3_6_7e4 {
    0; 1; 2; 3; 4; 5; 6; 7;
    0 -- 5; 0 -- 6; 0 -- 7; 1 -- 5; 1 -- 6; 1 -- 7; 2 -- 5; 2 -- 6;
    2 -- 7; 3 -- 5; 3 -- 7; 4 -- 6; 4 -- 7; 5 -- 6; 5 -- 7; 6 -- 7;
    [[5, 6, 7], [5, 6, 7], [5, 6, 7], [5, 7], [6, 7], [0, 1, 2, 3, 6, 7], [0, 1, 2, 4, 5, 7], [0, 1, 2, 3, 4, 5, 6]]
}

graph r3_6_7e5 {
    0; 1; 2; 3; 4; 5; 6; 7;
    0 -- 4; 0 -- 5; 0 -- 6; 0 -- 7; 1 -- 5; 1 -- 6; 1 -- 7; 2 -- 5;
    2 -- 6; 2 -- 7; 3 -- 5; 3 -- 6; 4 -- 7; 5 -- 6; 5 -- 7; 6 -- 7;
    [[4, 5, 6, 7], [5, 6, 7], [5, 6, 7], [5, 6], [0, 7], [0, 1, 2, 3, 6, 7], [0, 1, 2, 3, 5, 7], [0, 1, 2, 4, 5, 6]]
}

graph r3_6_7e6 {
    0; 1; 2; 3; 4; 5; 6; 7;
    0 -- 4; 0 -- 5; 0 -- 6; 1 -- 5; 1 -- 6; 1 -- 7; 2 -- 5; 2 -- 6;
    2 -- 7; 3 -- 5; 3 -- 6; 3 -- 7; 4 -- 7; 5 -- 6; 5 -- 7; 6 -- 7;
    [[4, 5, 6], [5, 6, 7], [5, 6, 7], [5, 6, 7], [0, 7], [0, 1, 2, 3, 6, 7], [0, 1, 2, 3, 5, 7], [1, 2, 3, 4, 5, 6]]
}

graph r3_6_7e7 {
    0; 1; 2; 3; 4; 5; 6; 7;
    0 -- 4; 0 -- 5; 0 -- 6; 0 -- 7; 1 -- 5; 1 -- 6; 1 -- 7; 2 -- 5;
    2 -- 6; 3 -- 5; 3 -- 7; 4 -- 6; 4 -- 7; 5 -- 6; 5 -- 7; 6 -- 7;
    [[4, 5, 6, 7], [5, 6, 7], [5, 6], [5, 7], [0, 6, 7], [0, 1, 2, 3, 6, 7], [0, 1, 2, 4, 5, 7], [0, 1, 3, 4, 5, 6]]
}

graph r3_6_7e8 {
    0; 1; 2; 3; 4; 5; 6; 7;
    0 -- 4; 0 -- 5; 0 -- 6; 0 -- 7; 1 -- 5; 1 -- 6; 1 -- 7; 2 -- 5;
    2 -- 6; 3 -- 6; 3 -- 7; 4 -- 5; 4 -- 6; 4 -- 7; 5 -- 7; 6 -- 7;
    [[4, 5, 6, 7], [5, 6, 7], [5, 6], [6, 7], [0, 5, 6, 7], [0, 1, 2, 4, 7], [0, 1, 2, 3, 4, 7], [0, 1, 3, 4, 5, 6]]
}

graph r3_6_7e9 {
    0; 1; 2; 3; 4; 5; 6; 7;
    0 -- 4; 0 -- 5; 0 -- 6; 0 -- 7; 1 -- 5; 1 -- 6; 1 -- 7; 2 -- 5;
    2 -- 6; 3 -- 7; 4 -- 5; 4 -- 6; 4 -- 7; 5 -- 6; 5 -- 7; 6 -- 7;
    [[4, 5, 6, 7], [5, 6, 7], [5, 6], [7], [0, 5, 6, 7], [0, 1, 2, 4, 6, 7], [0, 1, 2, 4, 5, 7], [0, 1, 3, 4, 5, 6]]
}

graph r3_6_7e10 {
    0; 1; 2; 3; 4; 5; 6; 7;
    0 -- 4; 0 -- 5; 0 -- 6; 0 -- 7; 1 -- 5; 1 -- 6; 2 -- 5; 2 -- 7;
    3 -- 6; 3 -- 7; 4 -- 5; 4 -- 6; 4 -- 7; 5 -- 6; 5 -- 7; 6 -- 7;
    [[4, 5, 6, 7], [5, 6], [5, 7], [6, 7], [0, 5, 6, 7], [0, 1, 2, 4, 6, 7], [0, 1, 3, 4, 5, 7], [0, 2, 3, 4, 5, 6]]
}

graph r3_6_7e11 {
    0; 1; 2; 3; 4; 5; 6; 7;
    0 -- 4; 0 -- 5; 0 -- 6; 0 -- 7; 1 -- 5; 1 -- 6; 1 -- 7; 2 -- 5;
    2 -- 7; 3 -- 6; 3 -- 7; 4 -- 5; 4 -- 6; 4 -- 7; 5 -- 6; 5 -- 7;
    6 -- 7;
    [[4, 5, 6, 7], [5, 6, 7], [5, 7], [6, 7], [0, 5, 6, 7], [0, 1, 2, 4, 6, 7], [0, 1, 3, 4, 5, 7], [0, 1, 2, 3, 4, 5, 6]]
}

graph r3_6_7e12 {
    0; 1; 2; 3; 4; 5; 6; 7;
    0 -- 4; 0 -- 5; 0 -- 6; 0 -- 7; 1 -- 4; 1 -- 5; 1 -- 6; 1 -- 7;
    2 -- 5; 2 -- 6; 3 -- 5; 3 -- 7; 4 -- 6; 4 -- 7; 5 -- 6; 5 -- 7;
    6 -- 7;
    [[4, 5, 6, 7], [4, 5, 6, 7], [5, 6], [5, 7], [0, 1, 6, 7], [0, 1, 2, 3, 6, 7], [0, 1, 2, 4, 5, 7], [0, 1, 3, 4, 5, 6]]
}

graph r3_6_7e13 {
    0; 1; 2; 3; 4; 5; 6; 7;
    0 -- 4; 0 -- 5; 0 -- 6; 0 -- 7; 1 -- 4; 1 -- 5; 1 -- 6; 1 -- 7;
    2 -- 5; 2 -- 6; 3 -- 6; 3 -- 7; 4 -- 5; 4 -- 6; 4 -- 7; 5 -- 7;
    6 -- 7;
    [[4, 5, 6, 7], [4, 5, 6, 7], [5, 6], [6, 7], [0, 1, 5, 6, 7], [0, 1, 2, 4, 7], [0, 1, 2, 3, 4, 7], [0, 1, 3, 4, 5, 6]]
}

graph r3_6_7e14 {
    0; 1; 2; 3; 4; 5; 6; 7;
    0 -- 4; 0 -- 5; 0 -- 6; 0 -- 7; 1 -- 4; 1 -- 5; 1 -- 6; 1 -- 7;
    2 -- 5; 2 -- 6; 3 -- 7; 4 -- 5; 4 -- 6; 4 -- 7; 5 -- 6; 5 -- 7;
    6 -- 7;
    [[4, 5, 6, 7], [4, 5, 6, 7], [5, 6], [7], [0, 1, 5, 6, 7], [0, 1, 2, 4, 6, 7], [0, 1, 2, 4, 5, 7], [0, 1, 3, 4, 5, 6]]
}

graph r3_6_7e15 {
    0; 1; 2; 3; 4; 5; 6; 7;
    0 -- 4; 0 -- 5; 0 -- 6; 0 -- 7; 1 -- 4; 1 -- 5; 1 -- 6; 2 -- 5;
    2 -- 7; 3 -- 6; 3 -- 7; 4 -- 5; 4 -- 6; 4 -- 7; 5 -- 6; 5 -- 7;
    6 -- 7;
    [[4, 5, 6, 7], [4, 5, 6], [5, 7], [6, 7], [0, 1, 5, 6, 7], [0, 1, 2, 4, 6, 7], [0, 1, 3, 4, 5, 7], [0, 2, 3, 4, 5, 6]]
}

graph r3_6_7e16 {
    0; 1; 2; 3; 4; 5; 6; 7;
    0 -- 4; 0 -- 5; 0 -- 6; 0 -- 7; 1 -- 4; 1 -- 5; 1 -- 6; 1 -- 7;
    2 -- 5; 2 -- 7; 3 -- 6; 3 -- 7; 4 -- 5; 4 -- 6; 4 -- 7; 5 -- 6;
    5 -- 7; 6 -- 7;
    [[4, 5, 6, 7], [4, 5, 6, 7], [5, 7], [6, 7], [0, 1, 5, 6, 7], [0, 1, 2, 4, 6, 7], [0, 1, 3, 4, 5, 7], [0, 1, 2, 3, 4, 5, 6]]
}

graph r3_6_7e17 {
    0; 1; 2; 3; 4; 5; 6; 7;
    0 -- 4; 0 -- 5; 0 -- 6; 0 -- 7; 1 -- 4; 1 -- 5; 2 -- 5; 2 -- 6;
    2 -- 7; 3 -- 6; 3 -- 7; 4 -- 5; 4 -- 6; 4 -- 7; 5 -- 6; 5 -- 7;
    6 -- 7;
    [[4, 5, 6, 7], [4, 5], [5, 6, 7], [6, 7], [0, 1, 5, 6, 7], [0, 1, 2, 4, 6, 7], [0, 2, 3, 4, 5, 7], [0, 2, 3, 4, 5, 6]]
}

graph r3_6_7e18 {
    0; 1; 2; 3; 4; 5; 6; 7;
    0 -- 4; 0 -- 5; 0 -- 6; 0 -- 7; 1 -- 4; 1 -- 5; 1 -- 6; 1 -- 7;
    2 -- 4; 2 -- 5; 3 -- 6; 3 -- 7; 4 -- 5; 4 -- 6; 4 -- 7; 5 -- 6;
    5 -- 7; 6 -- 7;
    [[4, 5, 6, 7], [4, 5, 6, 7], [4, 5], [6, 7], [0, 1, 2, 5, 6, 7], [0, 1, 2, 4, 6, 7], [0, 1, 3, 4, 5, 7], [0, 1, 3, 4, 5, 6]]
}

graph r3_6_7e19 {
    0; 1; 2; 3; 4; 5; 6; 7;
    0 -- 3; 0 -- 5; 0 -- 6; 0 -- 7; 1 -- 4; 1 -- 5; 1 -- 6; 1 -- 7;
    2 -- 5; 2 -- 6; 3 -- 5; 3 -- 6; 3 -- 7; 4 -- 7; 5 -- 6; 5 -- 7;
    6 -- 7;
    [[3, 5, 6, 7], [4, 5, 6, 7], [5, 6], [0, 5, 6, 7], [1, 7], [0, 1, 2, 3, 6, 7], [0, 1, 2, 3, 5, 7], [0, 1, 3, 4, 5, 6]]
}

graph r3_6_7e20 {
    0; 1; 2; 3; 4; 5; 6; 7;
    0 -- 3; 0 -- 5; 0 -- 6; 0 -- 7; 1 -- 4; 1 -- 5; 1 -- 6; 2 -- 5;
    2 -- 6; 2 -- 7; 3 -- 5; 3 -- 6; 3 -- 7; 4 -- 7; 5 -- 6; 5 -- 7;
    6 -- 7;
    [[3, 5, 6, 7], [4, 5, 6], [5, 6, 7], [0, 5, 6, 7], [1, 7], [0, 1, 2, 3, 6, 7], [0, 1, 2, 3, 5, 7], [0, 2, 3, 4, 5, 6]]
}

graph r3_6_7e21 {
    0; 1; 2; 3; 4; 5; 6; 7;
    0 -- 3; 0 -- 4; 0 -- 5; 0 -- 6; 0 -- 7; 1 -- 4; 1 -- 5; 1 -- 6;
    1 -- 7; 2 -- 5; 2 -- 6; 3 -- 7; 4 -- 5; 4 -- 6; 4 -- 7; 5 -- 6;
    5 -- 7; 6 -- 7;
    [[3, 4, 5, 6, 7], [4, 5, 6, 7], [5, 6], [0, 7], [0, 1, 5, 6, 7], [0, 1, 2, 4, 6, 7], [0, 1, 2, 4, 5, 7], [0, 1, 3, 4, 5, 6]]
}

graph r3_6_7e22 {
    0; 1; 2; 3; 4; 5; 6; 7;
    0 -- 3; 0 -- 4; 0 -- 5; 0 -- 6; 0 -- 7; 1 -- 5; 1 -- 6; 2 -- 5;
    2 -- 7; 3 -- 4; 3 -- 5; 3 -- 6; 3 -- 7; 4 -- 6; 4 -- 7; 5 -- 6;
    5 -- 7; 6 -- 7;
    [[3, 4, 5, 6, 7], [5, 6], [5, 7], [0, 4, 5, 6, 7], [0, 3, 6, 7], [0, 1, 2, 3, 6, 7], [0, 1, 3, 4, 5, 7], [0, 2, 3, 4, 5, 6]]
}

graph r3_6_7e23 {
    0; 1; 2; 3; 4; 5; 6; 7;
    0 -- 3; 0 -- 4; 0 -- 5; 0 -- 6; 0 -- 7; 1 -- 5; 1 -- 6; 2 -- 6;
    2 -- 7; 3 -- 4; 3 -- 5; 3 -- 6; 3 -- 7; 4 -- 5; 4 -- 6; 4 -- 7;
    5 -- 7; 6 -- 7;
    [[3, 4, 5, 6, 7], [5, 6], [6, 7], [0, 4, 5, 6, 7], [0, 3, 5, 6, 7], [0, 1, 3, 4, 7], [0, 1, 2, 3, 4, 7], [0, 2, 3, 4, 5, 6]]
}

graph r3_6_7e24 {
    0; 1; 2; 3; 4; 5; 6; 7;
    0 -- 3; 0 -- 4; 0 -- 5; 0 -- 6; 0 -- 7; 1 -- 5; 1 -- 6; 2 -- 7;
    3 -- 4; 3 -- 5; 3 -- 6; 3 -- 7; 4 -- 5; 4 -- 6; 4 -- 7; 5 -- 6;
    5 -- 7; 6 -- 7;
    [[3, 4, 5, 6, 7], [5, 6], [7], [0, 4, 5, 6, 7], [0, 3, 5, 6, 7], [0, 1, 3, 4, 6, 7], [0, 1, 3, 4, 5, 7], [0, 2, 3, 4, 5, 6]]
}

graph r3_6_7e25 {
    0; 1; 2; 3; 4; 5; 6; 7;
    0 -- 3; 0 -- 4; 0 -- 5; 0 -- 6; 0 -- 7; 1 -- 5; 1 -- 7; 2 -- 6;
    2 -- 7; 3 -- 4; 3 -- 5; 3 -- 6; 3 -- 7; 4 -- 5; 4 -- 6; 4 -- 7;
    5 -- 6; 5 -- 7; 6 -- 7;
    [[3, 4, 5, 6, 7], [5, 7], [6, 7], [0, 4, 5, 6, 7], [0, 3, 5, 6, 7], [0, 1, 3, 4, 6, 7], [0, 2, 3, 4, 5, 7], [0, 1, 2, 3, 4, 5, 6]]
}

graph r3_6_7e26 {
    0; 1; 2; 3; 4; 5; 6; 7;
    0 -- 3; 0 -- 5; 0 -- 6; 1 -- 4; 1 -- 5; 1 -- 6; 1 -- 7; 2 -- 4;
    2 -- 5; 2 -- 6; 2 -- 7; 3 -- 7; 4 -- 5; 4 -- 6; 4 -- 7; 5 -- 6;
    5 -- 7; 6 -- 7;
    [[3, 5, 6], [4, 5, 6, 7], [4, 5, 6, 7], [0, 7], [1, 2, 5, 6, 7], [0, 1, 2, 4, 6, 7], [0, 1, 2, 4, 5, 7], [1, 2, 3, 4, 5, 6]]
}

graph r3_6_7e27 {
    0; 1; 2; 3; 4; 5; 6; 7;
    0 -- 3; 0 -- 4; 0 -- 5; 0 -- 6; 0 -- 7; 1 -- 4; 1 -- 5; 2 -- 6;
    2 -- 7; 3 -- 4; 3 -- 5; 3 -- 6; 3 -- 7; 4 -- 5; 4 -- 6; 4 -- 7;
    5 -- 6; 5 -- 7; 6 -- 7;
    [[3, 4, 5, 6, 7], [4, 5], [6, 7], [0, 4, 5, 6, 7], [0, 1, 3, 5, 6, 7], [0, 1, 3, 4, 6, 7], [0, 2, 3, 4, 5, 7], [0, 2, 3, 4, 5, 6]]
}

graph r3_6_7e28 {
    0; 1; 2; 3; 4; 5; 6; 7;
    0 -- 2; 0 -- 4; 0 -- 5; 0 -- 6; 0 -- 7; 1 -- 3; 1 -- 5; 1 -- 6;
    2 -- 4; 2 -- 5; 2 -- 6; 2 -- 7; 3 -- 7; 4 -- 5; 4 -- 6; 4 -- 7;
    5 -- 6; 5 -- 7; 6 -- 7;
    [[2, 4, 5, 6, 7], [3, 5, 6], [0, 4, 5, 6, 7], [1, 7], [0, 2, 5, 6, 7], [0, 1, 2, 4, 6, 7], [0, 1, 2, 4, 5, 7], [0, 2, 3, 4, 5, 6]]
}

R^PG_3(6,7) = 9
28 extremal graph(s)
running time:1.3673501014709473sec
