Finding R^PG_3(11,5)

Order & number of counterexample graphs:
0 1
1 1
2 2
3 4
4 11
5 11
6 12
7 12
8 13
9 13
10 14
11 0

14 extremal graph(s):

graph r3_11_5e1 {
    0; 1; 2; 3; 4; 5; 6; 7; 8; 9;
    [[], [], [], [], [], [], [], [], [], []]
}

graph r3_11_5e2 {
    0; 1; 2; 3; 4; 5; 6; 7; 8; 9;
    0 -- 9;
    [[9], [], [], [], [], [], [], [], [], [0]]
}

graph r3_11_5e3 {
    0; 1; 2; 3; 4; 5; 6; 7; 8; 9;
    0 -- 9; 1 -- 9;
    [[9], [9], [], [], [], [], [], [], [], [0, 1]]
}

graph r3_11_5e4 {
    0; 1; 2; 3; 4; 5; 6; 7; 8; 9;
    0 -- 9; 1 -- 9; 2 -- 9;
    [[9], [9], [9], [], [], [], [], [], [], [0, 1, 2]]
}

graph r3_11_5e5 {
    0; 1; 2; 3; 4; 5; 6; 7; 8; 9;
    0 -- 8; 1 -- 9;
    [[8], [9], [], [], [], [], [], [], [0], [1]]
}

graph r3_11_5e6 {
    0; 1; 2; 3; 4; 5; 6; 7; 8; 9;
    0 -- 8; 0 -- 9; 1 -- 9;
    [[8, 9], [9], [], [], [], [], [], [], [0], [0, 1]]
}

graph r3_11_5e7 {
    0; 1; 2; 3; 4; 5; 6; 7; 8; 9;
    0 -- 8; 0 -- 9; 8 -- 9;
    [[8, 9], [], [], [], [], [], [], [], [0, 9], [0, 8]]
}

graph r3_11_5e8 {
    0; 1; 2; 3; 4; 5; 6; 7; 8; 9;
    0 -- 8; 0 -- 9; 1 -- 9; 8 -- 9;
    [[8, 9], [9], [], [], [], [], [], [], [0, 9], [0, 1, 8]]
}

graph r3_11_5e9 {
    0; 1; 2; 3; 4; 5; 6; 7; 8; 9;
    0 -- 8; 0 -- 9; 1 -- 8; 1 -- 9;
    [[8, 9], [8, 9], [], [], [], [], [], [], [0, 1], [0, 1]]
}

graph r3_11_5e10 {
    0; 1; 2; 3; 4; 5; 6; 7; 8; 9;
    0 -- 8; 0 -- 9; 1 -- 8; 1 -- 9; 8 -- 9;
    [[8, 9], [8, 9], [], [], [], [], [], [], [0, 1, 9], [0, 1, 8]]
}

graph r3_11_5e11 {
    0; 1; 2; 3; 4; 5; 6; 7; 8; 9;
    0 -- 7; 1 -- 8; 2 -- 9;
    [[7], [8], [9], [], [], [], [], [0], [1], [2]]
}

graph r3_11_5e12 {
    0; 1; 2; 3; 4; 5; 6; 7; 8; 9;
    0 -- 7; 0 -- 8; 0 -- 9; 7 -- 8; 7 -- 9; 8 -- 9;
    [[7, 8, 9], [], [], [], [], [], [], [0, 8, 9], [0, 7, 9], [0, 7, 8]]
}

graph r3_11_5e13 {
    0; 1; 2; 3; 4; 5; 6; 7; 8; 9;
    0 -- 6; 1 -- 7; 2 -- 8; 3 -- 9;
    [[6], [7], [8], [9], [], [], [0], [1], [2], [3]]
}

graph r3_11_5e14 {
    0; 1; 2; 3; 4; 5; 6; 7; 8; 9;
    0 -- 5; 1 -- 6; 2 -- 7; 3 -- 8; 4 -- 9;
    [[5], [6], [7], [8], [9], [0], [1], [2], [3], [4]]
}

R^PG_3(11,5) = 11
14 extremal graph(s)
running time:2.5798263549804688sec
