Finding R^PG_3(8,6)

Order & number of counterexample graphs:
0 1
1 1
2 2
3 4
4 11
5 33
6 92
7 275
8 599
9 159
10 0

159 extremal graph(s):

graph r3_8_6e1 {
    0; 1; 2; 3; 4; 5; 6; 7; 8;
    0 -- 7; 0 -- 8; 1 -- 7; 1 -- 8; 2 -- 7; 2 -- 8; 3 -- 7; 4 -- 8;
    5 -- 8;
    [[7, 8], [7, 8], [7, 8], [7], [8], [8], [], [0, 1, 2, 3], [0, 1, 2, 4, 5]]
}

graph r3_8_6e2 {
    0; 1; 2; 3; 4; 5; 6; 7; 8;
    0 -- 7; 0 -- 8; 1 -- 7; 1 -- 8; 2 -- 7; 2 -- 8; 3 -- 7; 4 -- 8;
    7 -- 8;
    [[7, 8], [7, 8], [7, 8], [7], [8], [], [], [0, 1, 2, 3, 8], [0, 1, 2, 4, 7]]
}

graph r3_8_6e3 {
    0; 1; 2; 3; 4; 5; 6; 7; 8;
    0 -- 7; 0 -- 8; 1 -- 7; 1 -- 8; 2 -- 7; 3 -- 7; 4 -- 8; 5 -- 8;
    6 -- 8;
    [[7, 8], [7, 8], [7], [7], [8], [8], [8], [0, 1, 2, 3], [0, 1, 4, 5, 6]]
}

graph r3_8_6e4 {
    0; 1; 2; 3; 4; 5; 6; 7; 8;
    0 -- 7; 0 -- 8; 1 -- 7; 1 -- 8; 2 -- 7; 3 -- 7; 4 -- 8; 5 -- 8;
    7 -- 8;
    [[7, 8], [7, 8], [7], [7], [8], [8], [], [0, 1, 2, 3, 8], [0, 1, 4, 5, 7]]
}

graph r3_8_6e5 {
    0; 1; 2; 3; 4; 5; 6; 7; 8;
    0 -- 7; 0 -- 8; 1 -- 7; 2 -- 7; 3 -- 7; 4 -- 8; 5 -- 8; 6 -- 8;
    7 -- 8;
    [[7, 8], [7], [7], [7], [8], [8], [8], [0, 1, 2, 3, 8], [0, 4, 5, 6, 7]]
}

graph r3_8_6e6 {
    0; 1; 2; 3; 4; 5; 6; 7; 8;
    0 -- 7; 0 -- 8; 1 -- 7; 1 -- 8; 2 -- 7; 2 -- 8; 3 -- 7; 4 -- 8;
    5 -- 8; 6 -- 8;
    [[7, 8], [7, 8], [7, 8], [7], [8], [8], [8], [0, 1, 2, 3], [0, 1, 2, 4, 5, 6]]
}

graph r3_8_6e7 {
    0; 1; 2; 3; 4; 5; 6; 7; 8;
    0 -- 7; 0 -- 8; 1 -- 7; 1 -- 8; 2 -- 7; 2 -- 8; 3 -- 7; 4 -- 8;
    5 -- 8; 7 -- 8;
    [[7, 8], [7, 8], [7, 8], [7], [8], [8], [], [0, 1, 2, 3, 8], [0, 1, 2, 4, 5, 7]]
}

graph r3_8_6e8 {
    0; 1; 2; 3; 4; 5; 6; 7; 8;
    0 -- 7; 0 -- 8; 1 -- 7; 1 -- 8; 2 -- 7; 3 -- 7; 4 -- 8; 5 -- 8;
    6 -- 8; 7 -- 8;
    [[7, 8], [7, 8], [7], [7], [8], [8], [8], [0, 1, 2, 3, 8], [0, 1, 4, 5, 6, 7]]
}

graph r3_8_6e9 {
    0; 1; 2; 3; 4; 5; 6; 7; 8;
    0 -- 7; 0 -- 8; 1 -- 7; 1 -- 8; 2 -- 7; 2 -- 8; 3 -- 7; 4 -- 8;
    5 -- 8; 6 -- 8; 7 -- 8;
    [[7, 8], [7, 8], [7, 8], [7], [8], [8], [8], [0, 1, 2, 3, 8], [0, 1, 2, 4, 5, 6, 7]]
}

graph r3_8_6e10 {
    0; 1; 2; 3; 4; 5; 6; 7; 8;
    0 -- 7; 0 -- 8; 1 -- 7; 1 -- 8; 2 -- 7; 2 -- 8; 3 -- 7; 4 -- 7;
    5 -- 8; 6 -- 8;
    [[7, 8], [7, 8], [7, 8], [7], [7], [8], [8], [0, 1, 2, 3, 4], [0, 1, 2, 5, 6]]
}

graph r3_8_6e11 {
    0; 1; 2; 3; 4; 5; 6; 7; 8;
    0 -- 7; 0 -- 8; 1 -- 7; 1 -- 8; 2 -- 7; 2 -- 8; 3 -- 7; 4 -- 7;
    5 -- 8; 6 -- 8; 7 -- 8;
    [[7, 8], [7, 8], [7, 8], [7], [7], [8], [8], [0, 1, 2, 3, 4, 8], [0, 1, 2, 5, 6, 7]]
}

graph r3_8_6e12 {
    0; 1; 2; 3; 4; 5; 6; 7; 8;
    0 -- 6; 0 -- 7; 0 -- 8; 1 -- 7; 1 -- 8; 2 -- 7; 2 -- 8; 3 -- 7;
    4 -- 8; 5 -- 8;
    [[6, 7, 8], [7, 8], [7, 8], [7], [8], [8], [0], [0, 1, 2, 3], [0, 1, 2, 4, 5]]
}

graph r3_8_6e13 {
    0; 1; 2; 3; 4; 5; 6; 7; 8;
    0 -- 6; 0 -- 7; 0 -- 8; 1 -- 7; 1 -- 8; 2 -- 7; 2 -- 8; 3 -- 7;
    4 -- 8; 7 -- 8;
    [[6, 7, 8], [7, 8], [7, 8], [7], [8], [], [0], [0, 1, 2, 3, 8], [0, 1, 2, 4, 7]]
}

graph r3_8_6e14 {
    0; 1; 2; 3; 4; 5; 6; 7; 8;
    0 -- 6; 0 -- 7; 0 -- 8; 1 -- 7; 1 -- 8; 2 -- 7; 3 -- 7; 4 -- 8;
    5 -- 8; 6 -- 8;
    [[6, 7, 8], [7, 8], [7], [7], [8], [8], [0, 8], [0, 1, 2, 3], [0, 1, 4, 5, 6]]
}

graph r3_8_6e15 {
    0; 1; 2; 3; 4; 5; 6; 7; 8;
    0 -- 6; 0 -- 7; 0 -- 8; 1 -- 7; 1 -- 8; 2 -- 7; 3 -- 7; 4 -- 8;
    5 -- 8; 7 -- 8;
    [[6, 7, 8], [7, 8], [7], [7], [8], [8], [0], [0, 1, 2, 3, 8], [0, 1, 4, 5, 7]]
}

graph r3_8_6e16 {
    0; 1; 2; 3; 4; 5; 6; 7; 8;
    0 -- 6; 0 -- 7; 0 -- 8; 1 -- 7; 1 -- 8; 2 -- 7; 3 -- 7; 4 -- 8;
    6 -- 8; 7 -- 8;
    [[6, 7, 8], [7, 8], [7], [7], [8], [], [0, 8], [0, 1, 2, 3, 8], [0, 1, 4, 6, 7]]
}

graph r3_8_6e17 {
    0; 1; 2; 3; 4; 5; 6; 7; 8;
    0 -- 6; 0 -- 7; 0 -- 8; 1 -- 7; 2 -- 7; 3 -- 7; 4 -- 8; 5 -- 8;
    6 -- 8; 7 -- 8;
    [[6, 7, 8], [7], [7], [7], [8], [8], [0, 8], [0, 1, 2, 3, 8], [0, 4, 5, 6, 7]]
}

graph r3_8_6e18 {
    0; 1; 2; 3; 4; 5; 6; 7; 8;
    0 -- 6; 0 -- 7; 1 -- 7; 1 -- 8; 2 -- 7; 2 -- 8; 3 -- 7; 3 -- 8;
    4 -- 8; 5 -- 8;
    [[6, 7], [7, 8], [7, 8], [7, 8], [8], [8], [0], [0, 1, 2, 3], [1, 2, 3, 4, 5]]
}

graph r3_8_6e19 {
    0; 1; 2; 3; 4; 5; 6; 7; 8;
    0 -- 6; 0 -- 7; 1 -- 7; 1 -- 8; 2 -- 7; 2 -- 8; 3 -- 7; 3 -- 8;
    4 -- 8; 7 -- 8;
    [[6, 7], [7, 8], [7, 8], [7, 8], [8], [], [0], [0, 1, 2, 3, 8], [1, 2, 3, 4, 7]]
}

graph r3_8_6e20 {
    0; 1; 2; 3; 4; 5; 6; 7; 8;
    0 -- 6; 0 -- 7; 1 -- 7; 1 -- 8; 2 -- 7; 2 -- 8; 3 -- 7; 4 -- 8;
    5 -- 8; 7 -- 8;
    [[6, 7], [7, 8], [7, 8], [7], [8], [8], [0], [0, 1, 2, 3, 8], [1, 2, 4, 5, 7]]
}

graph r3_8_6e21 {
    0; 1; 2; 3; 4; 5; 6; 7; 8;
    0 -- 6; 0 -- 7; 1 -- 7; 1 -- 8; 2 -- 7; 3 -- 7; 4 -- 8; 5 -- 8;
    6 -- 8; 7 -- 8;
    [[6, 7], [7, 8], [7], [7], [8], [8], [0, 8], [0, 1, 2, 3, 8], [1, 4, 5, 6, 7]]
}

graph r3_8_6e22 {
    0; 1; 2; 3; 4; 5; 6; 7; 8;
    0 -- 6; 0 -- 7; 0 -- 8; 1 -- 7; 1 -- 8; 2 -- 7; 2 -- 8; 3 -- 7;
    4 -- 8; 5 -- 8; 7 -- 8;
    [[6, 7, 8], [7, 8], [7, 8], [7], [8], [8], [0], [0, 1, 2, 3, 8], [0, 1, 2, 4, 5, 7]]
}

graph r3_8_6e23 {
    0; 1; 2; 3; 4; 5; 6; 7; 8;
    0 -- 6; 0 -- 7; 0 -- 8; 1 -- 7; 1 -- 8; 2 -- 7; 3 -- 7; 4 -- 8;
    5 -- 8; 6 -- 8; 7 -- 8;
    [[6, 7, 8], [7, 8], [7], [7], [8], [8], [0, 8], [0, 1, 2, 3, 8], [0, 1, 4, 5, 6, 7]]
}

graph r3_8_6e24 {
    0; 1; 2; 3; 4; 5; 6; 7; 8;
    0 -- 6; 0 -- 7; 1 -- 7; 1 -- 8; 2 -- 7; 2 -- 8; 3 -- 7; 3 -- 8;
    4 -- 8; 5 -- 8; 7 -- 8;
    [[6, 7], [7, 8], [7, 8], [7, 8], [8], [8], [0], [0, 1, 2, 3, 8], [1, 2, 3, 4, 5, 7]]
}

graph r3_8_6e25 {
    0; 1; 2; 3; 4; 5; 6; 7; 8;
    0 -- 6; 0 -- 7; 0 -- 8; 1 -- 7; 1 -- 8; 2 -- 7; 3 -- 8; 4 -- 8;
    5 -- 8; 6 -- 7;
    [[6, 7, 8], [7, 8], [7], [8], [8], [8], [0, 7], [0, 1, 2, 6], [0, 1, 3, 4, 5]]
}

graph r3_8_6e26 {
    0; 1; 2; 3; 4; 5; 6; 7; 8;
    0 -- 6; 0 -- 7; 0 -- 8; 1 -- 7; 1 -- 8; 2 -- 7; 3 -- 8; 4 -- 8;
    6 -- 7; 6 -- 8;
    [[6, 7, 8], [7, 8], [7], [8], [8], [], [0, 7, 8], [0, 1, 2, 6], [0, 1, 3, 4, 6]]
}

graph r3_8_6e27 {
    0; 1; 2; 3; 4; 5; 6; 7; 8;
    0 -- 6; 0 -- 7; 0 -- 8; 1 -- 7; 1 -- 8; 2 -- 7; 3 -- 8; 6 -- 7;
    6 -- 8; 7 -- 8;
    [[6, 7, 8], [7, 8], [7], [8], [], [], [0, 7, 8], [0, 1, 2, 6, 8], [0, 1, 3, 6, 7]]
}

graph r3_8_6e28 {
    0; 1; 2; 3; 4; 5; 6; 7; 8;
    0 -- 6; 0 -- 7; 0 -- 8; 1 -- 7; 2 -- 7; 3 -- 8; 4 -- 8; 5 -- 8;
    6 -- 7; 6 -- 8;
    [[6, 7, 8], [7], [7], [8], [8], [8], [0, 7, 8], [0, 1, 2, 6], [0, 3, 4, 5, 6]]
}

graph r3_8_6e29 {
    0; 1; 2; 3; 4; 5; 6; 7; 8;
    0 -- 6; 0 -- 7; 0 -- 8; 1 -- 7; 2 -- 7; 3 -- 8; 4 -- 8; 6 -- 7;
    6 -- 8; 7 -- 8;
    [[6, 7, 8], [7], [7], [8], [8], [], [0, 7, 8], [0, 1, 2, 6, 8], [0, 3, 4, 6, 7]]
}

graph r3_8_6e30 {
    0; 1; 2; 3; 4; 5; 6; 7; 8;
    0 -- 6; 0 -- 7; 1 -- 7; 1 -- 8; 2 -- 7; 3 -- 8; 4 -- 8; 5 -- 8;
    6 -- 7; 7 -- 8;
    [[6, 7], [7, 8], [7], [8], [8], [8], [0, 7], [0, 1, 2, 6, 8], [1, 3, 4, 5, 7]]
}

graph r3_8_6e31 {
    0; 1; 2; 3; 4; 5; 6; 7; 8;
    0 -- 6; 0 -- 7; 0 -- 8; 1 -- 7; 1 -- 8; 2 -- 7; 3 -- 8; 4 -- 8;
    5 -- 8; 6 -- 7; 6 -- 8;
    [[6, 7, 8], [7, 8], [7], [8], [8], [8], [0, 7, 8], [0, 1, 2, 6], [0, 1, 3, 4, 5, 6]]
}

graph r3_8_6e32 {
    0; 1; 2; 3; 4; 5; 6; 7; 8;
    0 -- 6; 0 -- 7; 0 -- 8; 1 -- 7; 1 -- 8; 2 -- 7; 3 -- 8; 4 -- 8;
    5 -- 8; 6 -- 7; 7 -- 8;
    [[6, 7, 8], [7, 8], [7], [8], [8], [8], [0, 7], [0, 1, 2, 6, 8], [0, 1, 3, 4, 5, 7]]
}

graph r3_8_6e33 {
    0; 1; 2; 3; 4; 5; 6; 7; 8;
    0 -- 6; 0 -- 7; 0 -- 8; 1 -- 7; 1 -- 8; 2 -- 7; 3 -- 8; 4 -- 8;
    6 -- 7; 6 -- 8; 7 -- 8;
    [[6, 7, 8], [7, 8], [7], [8], [8], [], [0, 7, 8], [0, 1, 2, 6, 8], [0, 1, 3, 4, 6, 7]]
}

graph r3_8_6e34 {
    0; 1; 2; 3; 4; 5; 6; 7; 8;
    0 -- 6; 0 -- 7; 0 -- 8; 1 -- 7; 2 -- 7; 3 -- 8; 4 -- 8; 5 -- 8;
    6 -- 7; 6 -- 8; 7 -- 8;
    [[6, 7, 8], [7], [7], [8], [8], [8], [0, 7, 8], [0, 1, 2, 6, 8], [0, 3, 4, 5, 6, 7]]
}

graph r3_8_6e35 {
    0; 1; 2; 3; 4; 5; 6; 7; 8;
    0 -- 6; 0 -- 7; 0 -- 8; 1 -- 7; 1 -- 8; 2 -- 7; 3 -- 8; 4 -- 8;
    5 -- 8; 6 -- 7; 6 -- 8; 7 -- 8;
    [[6, 7, 8], [7, 8], [7], [8], [8], [8], [0, 7, 8], [0, 1, 2, 6, 8], [0, 1, 3, 4, 5, 6, 7]]
}

graph r3_8_6e36 {
    0; 1; 2; 3; 4; 5; 6; 7; 8;
    0 -- 6; 0 -- 8; 1 -- 7; 1 -- 8; 2 -- 7; 2 -- 8; 3 -- 7; 3 -- 8;
    4 -- 7; 5 -- 8;
    [[6, 8], [7, 8], [7, 8], [7, 8], [7], [8], [0], [1, 2, 3, 4], [0, 1, 2, 3, 5]]
}

graph r3_8_6e37 {
    0; 1; 2; 3; 4; 5; 6; 7; 8;
    0 -- 6; 1 -- 7; 1 -- 8; 2 -- 7; 2 -- 8; 3 -- 7; 3 -- 8; 4 -- 7;
    5 -- 8; 7 -- 8;
    [[6], [7, 8], [7, 8], [7, 8], [7], [8], [0], [1, 2, 3, 4, 8], [1, 2, 3, 5, 7]]
}

graph r3_8_6e38 {
    0; 1; 2; 3; 4; 5; 6; 7; 8;
    0 -- 6; 0 -- 8; 1 -- 7; 1 -- 8; 2 -- 7; 2 -- 8; 3 -- 7; 3 -- 8;
    4 -- 7; 5 -- 8; 7 -- 8;
    [[6, 8], [7, 8], [7, 8], [7, 8], [7], [8], [0], [1, 2, 3, 4, 8], [0, 1, 2, 3, 5, 7]]
}

graph r3_8_6e39 {
    0; 1; 2; 3; 4; 5; 6; 7; 8;
    0 -- 6; 0 -- 7; 0 -- 8; 1 -- 7; 1 -- 8; 2 -- 7; 3 -- 7; 4 -- 8;
    5 -- 8; 6 -- 7; 6 -- 8;
    [[6, 7, 8], [7, 8], [7], [7], [8], [8], [0, 7, 8], [0, 1, 2, 3, 6], [0, 1, 4, 5, 6]]
}

graph r3_8_6e40 {
    0; 1; 2; 3; 4; 5; 6; 7; 8;
    0 -- 6; 0 -- 7; 0 -- 8; 1 -- 7; 1 -- 8; 2 -- 7; 3 -- 7; 4 -- 8;
    5 -- 8; 6 -- 7; 6 -- 8; 7 -- 8;
    [[6, 7, 8], [7, 8], [7], [7], [8], [8], [0, 7, 8], [0, 1, 2, 3, 6, 8], [0, 1, 4, 5, 6, 7]]
}

graph r3_8_6e41 {
    0; 1; 2; 3; 4; 5; 6; 7; 8;
    0 -- 6; 0 -- 7; 0 -- 8; 1 -- 6; 1 -- 7; 1 -- 8; 2 -- 7; 3 -- 7;
    4 -- 8; 5 -- 8; 6 -- 8;
    [[6, 7, 8], [6, 7, 8], [7], [7], [8], [8], [0, 1, 8], [0, 1, 2, 3], [0, 1, 4, 5, 6]]
}

graph r3_8_6e42 {
    0; 1; 2; 3; 4; 5; 6; 7; 8;
    0 -- 6; 0 -- 7; 0 -- 8; 1 -- 6; 1 -- 7; 1 -- 8; 2 -- 7; 3 -- 7;
    4 -- 8; 5 -- 8; 7 -- 8;
    [[6, 7, 8], [6, 7, 8], [7], [7], [8], [8], [0, 1], [0, 1, 2, 3, 8], [0, 1, 4, 5, 7]]
}

graph r3_8_6e43 {
    0; 1; 2; 3; 4; 5; 6; 7; 8;
    0 -- 6; 0 -- 7; 0 -- 8; 1 -- 6; 1 -- 7; 1 -- 8; 2 -- 7; 3 -- 7;
    4 -- 8; 6 -- 8; 7 -- 8;
    [[6, 7, 8], [6, 7, 8], [7], [7], [8], [], [0, 1, 8], [0, 1, 2, 3, 8], [0, 1, 4, 6, 7]]
}

graph r3_8_6e44 {
    0; 1; 2; 3; 4; 5; 6; 7; 8;
    0 -- 6; 0 -- 7; 0 -- 8; 1 -- 6; 1 -- 7; 2 -- 7; 3 -- 7; 4 -- 8;
    5 -- 8; 6 -- 8; 7 -- 8;
    [[6, 7, 8], [6, 7], [7], [7], [8], [8], [0, 1, 8], [0, 1, 2, 3, 8], [0, 4, 5, 6, 7]]
}

graph r3_8_6e45 {
    0; 1; 2; 3; 4; 5; 6; 7; 8;
    0 -- 6; 0 -- 7; 0 -- 8; 1 -- 6; 1 -- 7; 1 -- 8; 2 -- 7; 3 -- 7;
    4 -- 8; 5 -- 8; 6 -- 8; 7 -- 8;
    [[6, 7, 8], [6, 7, 8], [7], [7], [8], [8], [0, 1, 8], [0, 1, 2, 3, 8], [0, 1, 4, 5, 6, 7]]
}

graph r3_8_6e46 {
    0; 1; 2; 3; 4; 5; 6; 7; 8;
    0 -- 6; 0 -- 7; 0 -- 8; 1 -- 6; 1 -- 7; 1 -- 8; 2 -- 7; 3 -- 8;
    4 -- 8; 5 -- 8; 6 -- 7;
    [[6, 7, 8], [6, 7, 8], [7], [8], [8], [8], [0, 1, 7], [0, 1, 2, 6], [0, 1, 3, 4, 5]]
}

graph r3_8_6e47 {
    0; 1; 2; 3; 4; 5; 6; 7; 8;
    0 -- 6; 0 -- 7; 0 -- 8; 1 -- 6; 1 -- 7; 1 -- 8; 2 -- 7; 3 -- 8;
    4 -- 8; 6 -- 7; 6 -- 8;
    [[6, 7, 8], [6, 7, 8], [7], [8], [8], [], [0, 1, 7, 8], [0, 1, 2, 6], [0, 1, 3, 4, 6]]
}

graph r3_8_6e48 {
    0; 1; 2; 3; 4; 5; 6; 7; 8;
    0 -- 6; 0 -- 7; 0 -- 8; 1 -- 6; 1 -- 7; 1 -- 8; 2 -- 7; 3 -- 8;
    6 -- 7; 6 -- 8; 7 -- 8;
    [[6, 7, 8], [6, 7, 8], [7], [8], [], [], [0, 1, 7, 8], [0, 1, 2, 6, 8], [0, 1, 3, 6, 7]]
}

graph r3_8_6e49 {
    0; 1; 2; 3; 4; 5; 6; 7; 8;
    0 -- 6; 0 -- 7; 0 -- 8; 1 -- 6; 1 -- 7; 2 -- 7; 3 -- 8; 4 -- 8;
    5 -- 8; 6 -- 7; 6 -- 8;
    [[6, 7, 8], [6, 7], [7], [8], [8], [8], [0, 1, 7, 8], [0, 1, 2, 6], [0, 3, 4, 5, 6]]
}

graph r3_8_6e50 {
    0; 1; 2; 3; 4; 5; 6; 7; 8;
    0 -- 6; 0 -- 7; 0 -- 8; 1 -- 6; 1 -- 7; 2 -- 7; 3 -- 8; 4 -- 8;
    5 -- 8; 6 -- 7; 7 -- 8;
    [[6, 7, 8], [6, 7], [7], [8], [8], [8], [0, 1, 7], [0, 1, 2, 6, 8], [0, 3, 4, 5, 7]]
}

graph r3_8_6e51 {
    0; 1; 2; 3; 4; 5; 6; 7; 8;
    0 -- 6; 0 -- 7; 0 -- 8; 1 -- 6; 1 -- 7; 2 -- 7; 3 -- 8; 4 -- 8;
    6 -- 7; 6 -- 8; 7 -- 8;
    [[6, 7, 8], [6, 7], [7], [8], [8], [], [0, 1, 7, 8], [0, 1, 2, 6, 8], [0, 3, 4, 6, 7]]
}

graph r3_8_6e52 {
    0; 1; 2; 3; 4; 5; 6; 7; 8;
    0 -- 6; 0 -- 7; 1 -- 6; 1 -- 7; 2 -- 7; 3 -- 8; 4 -- 8; 5 -- 8;
    6 -- 7; 6 -- 8; 7 -- 8;
    [[6, 7], [6, 7], [7], [8], [8], [8], [0, 1, 7, 8], [0, 1, 2, 6, 8], [3, 4, 5, 6, 7]]
}

graph r3_8_6e53 {
    0; 1; 2; 3; 4; 5; 6; 7; 8;
    0 -- 6; 0 -- 7; 0 -- 8; 1 -- 6; 1 -- 7; 1 -- 8; 2 -- 7; 3 -- 8;
    4 -- 8; 5 -- 8; 6 -- 7; 6 -- 8;
    [[6, 7, 8], [6, 7, 8], [7], [8], [8], [8], [0, 1, 7, 8], [0, 1, 2, 6], [0, 1, 3, 4, 5, 6]]
}

graph r3_8_6e54 {
    0; 1; 2; 3; 4; 5; 6; 7; 8;
    0 -- 6; 0 -- 7; 0 -- 8; 1 -- 6; 1 -- 7; 1 -- 8; 2 -- 7; 3 -- 8;
    4 -- 8; 5 -- 8; 6 -- 7; 7 -- 8;
    [[6, 7, 8], [6, 7, 8], [7], [8], [8], [8], [0, 1, 7], [0, 1, 2, 6, 8], [0, 1, 3, 4, 5, 7]]
}

graph r3_8_6e55 {
    0; 1; 2; 3; 4; 5; 6; 7; 8;
    0 -- 6; 0 -- 7; 0 -- 8; 1 -- 6; 1 -- 7; 1 -- 8; 2 -- 7; 3 -- 8;
    4 -- 8; 6 -- 7; 6 -- 8; 7 -- 8;
    [[6, 7, 8], [6, 7, 8], [7], [8], [8], [], [0, 1, 7, 8], [0, 1, 2, 6, 8], [0, 1, 3, 4, 6, 7]]
}

graph r3_8_6e56 {
    0; 1; 2; 3; 4; 5; 6; 7; 8;
    0 -- 6; 0 -- 7; 0 -- 8; 1 -- 6; 1 -- 7; 2 -- 7; 3 -- 8; 4 -- 8;
    5 -- 8; 6 -- 7; 6 -- 8; 7 -- 8;
    [[6, 7, 8], [6, 7], [7], [8], [8], [8], [0, 1, 7, 8], [0, 1, 2, 6, 8], [0, 3, 4, 5, 6, 7]]
}

graph r3_8_6e57 {
    0; 1; 2; 3; 4; 5; 6; 7; 8;
    0 -- 6; 0 -- 7; 0 -- 8; 1 -- 6; 1 -- 7; 1 -- 8; 2 -- 7; 3 -- 8;
    4 -- 8; 5 -- 8; 6 -- 7; 6 -- 8; 7 -- 8;
    [[6, 7, 8], [6, 7, 8], [7], [8], [8], [8], [0, 1, 7, 8], [0, 1, 2, 6, 8], [0, 1, 3, 4, 5, 6, 7]]
}

graph r3_8_6e58 {
    0; 1; 2; 3; 4; 5; 6; 7; 8;
    0 -- 6; 0 -- 7; 0 -- 8; 1 -- 6; 2 -- 7; 2 -- 8; 3 -- 7; 3 -- 8;
    4 -- 7; 5 -- 8; 7 -- 8;
    [[6, 7, 8], [6], [7, 8], [7, 8], [7], [8], [0, 1], [0, 2, 3, 4, 8], [0, 2, 3, 5, 7]]
}

graph r3_8_6e59 {
    0; 1; 2; 3; 4; 5; 6; 7; 8;
    0 -- 6; 0 -- 7; 0 -- 8; 1 -- 6; 2 -- 7; 2 -- 8; 3 -- 7; 4 -- 7;
    5 -- 8; 6 -- 8; 7 -- 8;
    [[6, 7, 8], [6], [7, 8], [7], [7], [8], [0, 1, 8], [0, 2, 3, 4, 8], [0, 2, 5, 6, 7]]
}

graph r3_8_6e60 {
    0; 1; 2; 3; 4; 5; 6; 7; 8;
    0 -- 6; 0 -- 7; 1 -- 6; 2 -- 7; 2 -- 8; 3 -- 7; 3 -- 8; 4 -- 7;
    4 -- 8; 5 -- 8; 7 -- 8;
    [[6, 7], [6], [7, 8], [7, 8], [7, 8], [8], [0, 1], [0, 2, 3, 4, 8], [2, 3, 4, 5, 7]]
}

graph r3_8_6e61 {
    0; 1; 2; 3; 4; 5; 6; 7; 8;
    0 -- 6; 0 -- 7; 0 -- 8; 1 -- 6; 1 -- 8; 2 -- 7; 3 -- 7; 4 -- 8;
    5 -- 8; 6 -- 7; 6 -- 8;
    [[6, 7, 8], [6, 8], [7], [7], [8], [8], [0, 1, 7, 8], [0, 2, 3, 6], [0, 1, 4, 5, 6]]
}

graph r3_8_6e62 {
    0; 1; 2; 3; 4; 5; 6; 7; 8;
    0 -- 6; 0 -- 7; 0 -- 8; 1 -- 6; 2 -- 7; 2 -- 8; 3 -- 7; 4 -- 8;
    5 -- 8; 6 -- 7; 6 -- 8;
    [[6, 7, 8], [6], [7, 8], [7], [8], [8], [0, 1, 7, 8], [0, 2, 3, 6], [0, 2, 4, 5, 6]]
}

graph r3_8_6e63 {
    0; 1; 2; 3; 4; 5; 6; 7; 8;
    0 -- 6; 0 -- 7; 0 -- 8; 1 -- 6; 2 -- 7; 2 -- 8; 3 -- 7; 4 -- 8;
    6 -- 7; 6 -- 8; 7 -- 8;
    [[6, 7, 8], [6], [7, 8], [7], [8], [], [0, 1, 7, 8], [0, 2, 3, 6, 8], [0, 2, 4, 6, 7]]
}

graph r3_8_6e64 {
    0; 1; 2; 3; 4; 5; 6; 7; 8;
    0 -- 6; 0 -- 7; 0 -- 8; 1 -- 6; 2 -- 7; 3 -- 7; 4 -- 8; 5 -- 8;
    6 -- 7; 6 -- 8; 7 -- 8;
    [[6, 7, 8], [6], [7], [7], [8], [8], [0, 1, 7, 8], [0, 2, 3, 6, 8], [0, 4, 5, 6, 7]]
}

graph r3_8_6e65 {
    0; 1; 2; 3; 4; 5; 6; 7; 8;
    0 -- 6; 0 -- 7; 1 -- 6; 1 -- 8; 2 -- 7; 3 -- 7; 4 -- 8; 5 -- 8;
    6 -- 7; 6 -- 8; 7 -- 8;
    [[6, 7], [6, 8], [7], [7], [8], [8], [0, 1, 7, 8], [0, 2, 3, 6, 8], [1, 4, 5, 6, 7]]
}

graph r3_8_6e66 {
    0; 1; 2; 3; 4; 5; 6; 7; 8;
    0 -- 6; 0 -- 7; 1 -- 6; 2 -- 7; 2 -- 8; 3 -- 7; 4 -- 8; 5 -- 8;
    6 -- 7; 6 -- 8; 7 -- 8;
    [[6, 7], [6], [7, 8], [7], [8], [8], [0, 1, 7, 8], [0, 2, 3, 6, 8], [2, 4, 5, 6, 7]]
}

graph r3_8_6e67 {
    0; 1; 2; 3; 4; 5; 6; 7; 8;
    0 -- 6; 0 -- 7; 0 -- 8; 1 -- 6; 1 -- 8; 2 -- 7; 3 -- 7; 4 -- 8;
    5 -- 8; 6 -- 7; 6 -- 8; 7 -- 8;
    [[6, 7, 8], [6, 8], [7], [7], [8], [8], [0, 1, 7, 8], [0, 2, 3, 6, 8], [0, 1, 4, 5, 6, 7]]
}

graph r3_8_6e68 {
    0; 1; 2; 3; 4; 5; 6; 7; 8;
    0 -- 6; 0 -- 7; 0 -- 8; 1 -- 6; 2 -- 7; 2 -- 8; 3 -- 7; 4 -- 8;
    5 -- 8; 6 -- 7; 6 -- 8; 7 -- 8;
    [[6, 7, 8], [6], [7, 8], [7], [8], [8], [0, 1, 7, 8], [0, 2, 3, 6, 8], [0, 2, 4, 5, 6, 7]]
}

graph r3_8_6e69 {
    0; 1; 2; 3; 4; 5; 6; 7; 8;
    0 -- 6; 0 -- 8; 1 -- 6; 1 -- 8; 2 -- 7; 2 -- 8; 3 -- 7; 3 -- 8;
    4 -- 7; 4 -- 8; 5 -- 7;
    [[6, 8], [6, 8], [7, 8], [7, 8], [7, 8], [7], [0, 1], [2, 3, 4, 5], [0, 1, 2, 3, 4]]
}

graph r3_8_6e70 {
    0; 1; 2; 3; 4; 5; 6; 7; 8;
    0 -- 6; 1 -- 6; 2 -- 7; 2 -- 8; 3 -- 7; 3 -- 8; 4 -- 7; 4 -- 8;
    5 -- 7; 6 -- 8; 7 -- 8;
    [[6], [6], [7, 8], [7, 8], [7, 8], [7], [0, 1, 8], [2, 3, 4, 5, 8], [2, 3, 4, 6, 7]]
}

graph r3_8_6e71 {
    0; 1; 2; 3; 4; 5; 6; 7; 8;
    0 -- 6; 1 -- 6; 2 -- 7; 2 -- 8; 3 -- 7; 3 -- 8; 4 -- 7; 5 -- 8;
    6 -- 7; 6 -- 8; 7 -- 8;
    [[6], [6], [7, 8], [7, 8], [7], [8], [0, 1, 7, 8], [2, 3, 4, 6, 8], [2, 3, 5, 6, 7]]
}

graph r3_8_6e72 {
    0; 1; 2; 3; 4; 5; 6; 7; 8;
    0 -- 6; 0 -- 7; 0 -- 8; 1 -- 6; 1 -- 7; 1 -- 8; 2 -- 7; 3 -- 7;
    4 -- 8; 5 -- 8; 6 -- 7; 6 -- 8;
    [[6, 7, 8], [6, 7, 8], [7], [7], [8], [8], [0, 1, 7, 8], [0, 1, 2, 3, 6], [0, 1, 4, 5, 6]]
}

graph r3_8_6e73 {
    0; 1; 2; 3; 4; 5; 6; 7; 8;
    0 -- 6; 0 -- 7; 0 -- 8; 1 -- 6; 1 -- 7; 1 -- 8; 2 -- 7; 3 -- 7;
    4 -- 8; 5 -- 8; 6 -- 7; 6 -- 8; 7 -- 8;
    [[6, 7, 8], [6, 7, 8], [7], [7], [8], [8], [0, 1, 7, 8], [0, 1, 2, 3, 6, 8], [0, 1, 4, 5, 6, 7]]
}

graph r3_8_6e74 {
    0; 1; 2; 3; 4; 5; 6; 7; 8;
    0 -- 6; 0 -- 7; 0 -- 8; 1 -- 6; 1 -- 7; 1 -- 8; 2 -- 6; 3 -- 7;
    4 -- 7; 5 -- 8; 6 -- 8; 7 -- 8;
    [[6, 7, 8], [6, 7, 8], [6], [7], [7], [8], [0, 1, 2, 8], [0, 1, 3, 4, 8], [0, 1, 5, 6, 7]]
}

graph r3_8_6e75 {
    0; 1; 2; 3; 4; 5; 6; 7; 8;
    0 -- 6; 0 -- 7; 0 -- 8; 1 -- 6; 1 -- 7; 1 -- 8; 2 -- 6; 3 -- 7;
    4 -- 8; 6 -- 7; 6 -- 8; 7 -- 8;
    [[6, 7, 8], [6, 7, 8], [6], [7], [8], [], [0, 1, 2, 7, 8], [0, 1, 3, 6, 8], [0, 1, 4, 6, 7]]
}

graph r3_8_6e76 {
    0; 1; 2; 3; 4; 5; 6; 7; 8;
    0 -- 6; 0 -- 7; 0 -- 8; 1 -- 6; 1 -- 7; 2 -- 6; 3 -- 7; 4 -- 8;
    5 -- 8; 6 -- 7; 6 -- 8; 7 -- 8;
    [[6, 7, 8], [6, 7], [6], [7], [8], [8], [0, 1, 2, 7, 8], [0, 1, 3, 6, 8], [0, 4, 5, 6, 7]]
}

graph r3_8_6e77 {
    0; 1; 2; 3; 4; 5; 6; 7; 8;
    0 -- 6; 0 -- 7; 0 -- 8; 1 -- 6; 1 -- 7; 1 -- 8; 2 -- 6; 3 -- 7;
    4 -- 8; 5 -- 8; 6 -- 7; 6 -- 8; 7 -- 8;
    [[6, 7, 8], [6, 7, 8], [6], [7], [8], [8], [0, 1, 2, 7, 8], [0, 1, 3, 6, 8], [0, 1, 4, 5, 6, 7]]
}

graph r3_8_6e78 {
    0; 1; 2; 3; 4; 5; 6; 7; 8;
    0 -- 5; 0 -- 7; 0 -- 8; 1 -- 6; 1 -- 7; 1 -- 8; 2 -- 7; 2 -- 8;
    3 -- 7; 4 -- 8; 7 -- 8;
    [[5, 7, 8], [6, 7, 8], [7, 8], [7], [8], [0], [1], [0, 1, 2, 3, 8], [0, 1, 2, 4, 7]]
}

graph r3_8_6e79 {
    0; 1; 2; 3; 4; 5; 6; 7; 8;
    0 -- 5; 0 -- 7; 0 -- 8; 1 -- 6; 1 -- 7; 1 -- 8; 2 -- 7; 3 -- 7;
    4 -- 8; 5 -- 8; 7 -- 8;
    [[5, 7, 8], [6, 7, 8], [7], [7], [8], [0, 8], [1], [0, 1, 2, 3, 8], [0, 1, 4, 5, 7]]
}

graph r3_8_6e80 {
    0; 1; 2; 3; 4; 5; 6; 7; 8;
    0 -- 5; 0 -- 7; 0 -- 8; 1 -- 6; 1 -- 7; 2 -- 7; 2 -- 8; 3 -- 7;
    3 -- 8; 4 -- 8; 7 -- 8;
    [[5, 7, 8], [6, 7], [7, 8], [7, 8], [8], [0], [1], [0, 1, 2, 3, 8], [0, 2, 3, 4, 7]]
}

graph r3_8_6e81 {
    0; 1; 2; 3; 4; 5; 6; 7; 8;
    0 -- 5; 0 -- 7; 0 -- 8; 1 -- 6; 1 -- 7; 2 -- 7; 2 -- 8; 3 -- 7;
    4 -- 8; 5 -- 8; 7 -- 8;
    [[5, 7, 8], [6, 7], [7, 8], [7], [8], [0, 8], [1], [0, 1, 2, 3, 8], [0, 2, 4, 5, 7]]
}

graph r3_8_6e82 {
    0; 1; 2; 3; 4; 5; 6; 7; 8;
    0 -- 5; 0 -- 7; 0 -- 8; 1 -- 6; 1 -- 7; 1 -- 8; 2 -- 7; 3 -- 8;
    4 -- 8; 5 -- 7; 5 -- 8;
    [[5, 7, 8], [6, 7, 8], [7], [8], [8], [0, 7, 8], [1], [0, 1, 2, 5], [0, 1, 3, 4, 5]]
}

graph r3_8_6e83 {
    0; 1; 2; 3; 4; 5; 6; 7; 8;
    0 -- 5; 0 -- 7; 0 -- 8; 1 -- 6; 1 -- 7; 1 -- 8; 2 -- 7; 3 -- 8;
    5 -- 7; 5 -- 8; 7 -- 8;
    [[5, 7, 8], [6, 7, 8], [7], [8], [], [0, 7, 8], [1], [0, 1, 2, 5, 8], [0, 1, 3, 5, 7]]
}

graph r3_8_6e84 {
    0; 1; 2; 3; 4; 5; 6; 7; 8;
    0 -- 5; 0 -- 7; 0 -- 8; 1 -- 6; 1 -- 7; 2 -- 7; 2 -- 8; 3 -- 8;
    4 -- 8; 5 -- 7; 5 -- 8;
    [[5, 7, 8], [6, 7], [7, 8], [8], [8], [0, 7, 8], [1], [0, 1, 2, 5], [0, 2, 3, 4, 5]]
}

graph r3_8_6e85 {
    0; 1; 2; 3; 4; 5; 6; 7; 8;
    0 -- 5; 0 -- 7; 0 -- 8; 1 -- 6; 1 -- 7; 2 -- 7; 2 -- 8; 3 -- 8;
    4 -- 8; 5 -- 7; 7 -- 8;
    [[5, 7, 8], [6, 7], [7, 8], [8], [8], [0, 7], [1], [0, 1, 2, 5, 8], [0, 2, 3, 4, 7]]
}

graph r3_8_6e86 {
    0; 1; 2; 3; 4; 5; 6; 7; 8;
    0 -- 5; 0 -- 7; 0 -- 8; 1 -- 6; 1 -- 7; 2 -- 7; 2 -- 8; 3 -- 8;
    5 -- 7; 5 -- 8; 7 -- 8;
    [[5, 7, 8], [6, 7], [7, 8], [8], [], [0, 7, 8], [1], [0, 1, 2, 5, 8], [0, 2, 3, 5, 7]]
}

graph r3_8_6e87 {
    0; 1; 2; 3; 4; 5; 6; 7; 8;
    0 -- 5; 0 -- 7; 0 -- 8; 1 -- 6; 1 -- 7; 2 -- 7; 3 -- 8; 4 -- 8;
    5 -- 7; 5 -- 8; 7 -- 8;
    [[5, 7, 8], [6, 7], [7], [8], [8], [0, 7, 8], [1], [0, 1, 2, 5, 8], [0, 3, 4, 5, 7]]
}

graph r3_8_6e88 {
    0; 1; 2; 3; 4; 5; 6; 7; 8;
    0 -- 5; 0 -- 7; 0 -- 8; 1 -- 6; 1 -- 7; 1 -- 8; 2 -- 7; 3 -- 8;
    4 -- 8; 5 -- 7; 5 -- 8; 7 -- 8;
    [[5, 7, 8], [6, 7, 8], [7], [8], [8], [0, 7, 8], [1], [0, 1, 2, 5, 8], [0, 1, 3, 4, 5, 7]]
}

graph r3_8_6e89 {
    0; 1; 2; 3; 4; 5; 6; 7; 8;
    0 -- 5; 0 -- 7; 0 -- 8; 1 -- 6; 1 -- 7; 2 -- 7; 2 -- 8; 3 -- 8;
    4 -- 8; 5 -- 7; 5 -- 8; 7 -- 8;
    [[5, 7, 8], [6, 7], [7, 8], [8], [8], [0, 7, 8], [1], [0, 1, 2, 5, 8], [0, 2, 3, 4, 5, 7]]
}

graph r3_8_6e90 {
    0; 1; 2; 3; 4; 5; 6; 7; 8;
    0 -- 5; 0 -- 7; 1 -- 6; 1 -- 8; 2 -- 7; 2 -- 8; 3 -- 7; 3 -- 8;
    4 -- 7; 4 -- 8; 7 -- 8;
    [[5, 7], [6, 8], [7, 8], [7, 8], [7, 8], [0], [1], [0, 2, 3, 4, 8], [1, 2, 3, 4, 7]]
}

graph r3_8_6e91 {
    0; 1; 2; 3; 4; 5; 6; 7; 8;
    0 -- 5; 0 -- 7; 0 -- 8; 1 -- 6; 1 -- 8; 2 -- 7; 2 -- 8; 3 -- 7;
    4 -- 8; 5 -- 7; 5 -- 8;
    [[5, 7, 8], [6, 8], [7, 8], [7], [8], [0, 7, 8], [1], [0, 2, 3, 5], [0, 1, 2, 4, 5]]
}

graph r3_8_6e92 {
    0; 1; 2; 3; 4; 5; 6; 7; 8;
    0 -- 5; 0 -- 7; 0 -- 8; 1 -- 6; 2 -- 7; 2 -- 8; 3 -- 7; 4 -- 8;
    5 -- 7; 5 -- 8; 7 -- 8;
    [[5, 7, 8], [6], [7, 8], [7], [8], [0, 7, 8], [1], [0, 2, 3, 5, 8], [0, 2, 4, 5, 7]]
}

graph r3_8_6e93 {
    0; 1; 2; 3; 4; 5; 6; 7; 8;
    0 -- 5; 0 -- 7; 0 -- 8; 1 -- 6; 1 -- 8; 2 -- 7; 2 -- 8; 3 -- 7;
    4 -- 8; 5 -- 7; 5 -- 8; 7 -- 8;
    [[5, 7, 8], [6, 8], [7, 8], [7], [8], [0, 7, 8], [1], [0, 2, 3, 5, 8], [0, 1, 2, 4, 5, 7]]
}

graph r3_8_6e94 {
    0; 1; 2; 3; 4; 5; 6; 7; 8;
    0 -- 5; 0 -- 6; 0 -- 7; 0 -- 8; 1 -- 6; 1 -- 7; 1 -- 8; 2 -- 7;
    3 -- 7; 4 -- 8; 6 -- 8; 7 -- 8;
    [[5, 6, 7, 8], [6, 7, 8], [7], [7], [8], [0], [0, 1, 8], [0, 1, 2, 3, 8], [0, 1, 4, 6, 7]]
}

graph r3_8_6e95 {
    0; 1; 2; 3; 4; 5; 6; 7; 8;
    0 -- 5; 0 -- 6; 0 -- 7; 0 -- 8; 1 -- 6; 1 -- 7; 1 -- 8; 2 -- 7;
    3 -- 8; 4 -- 8; 6 -- 7; 6 -- 8;
    [[5, 6, 7, 8], [6, 7, 8], [7], [8], [8], [0], [0, 1, 7, 8], [0, 1, 2, 6], [0, 1, 3, 4, 6]]
}

graph r3_8_6e96 {
    0; 1; 2; 3; 4; 5; 6; 7; 8;
    0 -- 5; 0 -- 6; 0 -- 7; 0 -- 8; 1 -- 6; 1 -- 7; 1 -- 8; 2 -- 7;
    3 -- 8; 6 -- 7; 6 -- 8; 7 -- 8;
    [[5, 6, 7, 8], [6, 7, 8], [7], [8], [], [0], [0, 1, 7, 8], [0, 1, 2, 6, 8], [0, 1, 3, 6, 7]]
}

graph r3_8_6e97 {
    0; 1; 2; 3; 4; 5; 6; 7; 8;
    0 -- 5; 0 -- 6; 0 -- 7; 0 -- 8; 1 -- 6; 1 -- 7; 2 -- 7; 3 -- 8;
    4 -- 8; 6 -- 7; 6 -- 8; 7 -- 8;
    [[5, 6, 7, 8], [6, 7], [7], [8], [8], [0], [0, 1, 7, 8], [0, 1, 2, 6, 8], [0, 3, 4, 6, 7]]
}

graph r3_8_6e98 {
    0; 1; 2; 3; 4; 5; 6; 7; 8;
    0 -- 5; 0 -- 6; 0 -- 7; 1 -- 6; 1 -- 7; 1 -- 8; 2 -- 7; 3 -- 8;
    4 -- 8; 6 -- 7; 6 -- 8; 7 -- 8;
    [[5, 6, 7], [6, 7, 8], [7], [8], [8], [0], [0, 1, 7, 8], [0, 1, 2, 6, 8], [1, 3, 4, 6, 7]]
}

graph r3_8_6e99 {
    0; 1; 2; 3; 4; 5; 6; 7; 8;
    0 -- 5; 0 -- 6; 0 -- 7; 0 -- 8; 1 -- 6; 1 -- 7; 1 -- 8; 2 -- 7;
    3 -- 8; 4 -- 8; 6 -- 7; 6 -- 8; 7 -- 8;
    [[5, 6, 7, 8], [6, 7, 8], [7], [8], [8], [0], [0, 1, 7, 8], [0, 1, 2, 6, 8], [0, 1, 3, 4, 6, 7]]
}

graph r3_8_6e100 {
    0; 1; 2; 3; 4; 5; 6; 7; 8;
    0 -- 5; 0 -- 6; 0 -- 7; 0 -- 8; 1 -- 6; 2 -- 7; 2 -- 8; 3 -- 7;
    4 -- 8; 5 -- 7; 5 -- 8; 7 -- 8;
    [[5, 6, 7, 8], [6], [7, 8], [7], [8], [0, 7, 8], [0, 1], [0, 2, 3, 5, 8], [0, 2, 4, 5, 7]]
}

graph r3_8_6e101 {
    0; 1; 2; 3; 4; 5; 6; 7; 8;
    0 -- 5; 0 -- 6; 0 -- 7; 0 -- 8; 1 -- 6; 2 -- 7; 2 -- 8; 3 -- 7;
    4 -- 8; 6 -- 7; 6 -- 8; 7 -- 8;
    [[5, 6, 7, 8], [6], [7, 8], [7], [8], [0], [0, 1, 7, 8], [0, 2, 3, 6, 8], [0, 2, 4, 6, 7]]
}

graph r3_8_6e102 {
    0; 1; 2; 3; 4; 5; 6; 7; 8;
    0 -- 5; 0 -- 6; 0 -- 7; 0 -- 8; 1 -- 7; 2 -- 7; 3 -- 7; 4 -- 8;
    5 -- 6; 5 -- 8; 6 -- 8; 7 -- 8;
    [[5, 6, 7, 8], [7], [7], [7], [8], [0, 6, 8], [0, 5, 8], [0, 1, 2, 3, 8], [0, 4, 5, 6, 7]]
}

graph r3_8_6e103 {
    0; 1; 2; 3; 4; 5; 6; 7; 8;
    0 -- 5; 0 -- 6; 0 -- 7; 0 -- 8; 1 -- 7; 2 -- 7; 3 -- 8; 4 -- 8;
    5 -- 6; 5 -- 7; 5 -- 8; 6 -- 8;
    [[5, 6, 7, 8], [7], [7], [8], [8], [0, 6, 7, 8], [0, 5, 8], [0, 1, 2, 5], [0, 3, 4, 5, 6]]
}

graph r3_8_6e104 {
    0; 1; 2; 3; 4; 5; 6; 7; 8;
    0 -- 5; 0 -- 6; 0 -- 7; 0 -- 8; 1 -- 7; 2 -- 7; 3 -- 8; 4 -- 8;
    5 -- 6; 5 -- 7; 5 -- 8; 7 -- 8;
    [[5, 6, 7, 8], [7], [7], [8], [8], [0, 6, 7, 8], [0, 5], [0, 1, 2, 5, 8], [0, 3, 4, 5, 7]]
}

graph r3_8_6e105 {
    0; 1; 2; 3; 4; 5; 6; 7; 8;
    0 -- 5; 0 -- 6; 0 -- 7; 0 -- 8; 1 -- 7; 2 -- 7; 3 -- 8; 4 -- 8;
    5 -- 6; 5 -- 7; 6 -- 8; 7 -- 8;
    [[5, 6, 7, 8], [7], [7], [8], [8], [0, 6, 7], [0, 5, 8], [0, 1, 2, 5, 8], [0, 3, 4, 6, 7]]
}

graph r3_8_6e106 {
    0; 1; 2; 3; 4; 5; 6; 7; 8;
    0 -- 5; 0 -- 6; 0 -- 7; 0 -- 8; 1 -- 7; 2 -- 7; 3 -- 8; 5 -- 6;
    5 -- 7; 5 -- 8; 6 -- 8; 7 -- 8;
    [[5, 6, 7, 8], [7], [7], [8], [], [0, 6, 7, 8], [0, 5, 8], [0, 1, 2, 5, 8], [0, 3, 5, 6, 7]]
}

graph r3_8_6e107 {
    0; 1; 2; 3; 4; 5; 6; 7; 8;
    0 -- 5; 0 -- 6; 0 -- 7; 0 -- 8; 1 -- 7; 2 -- 7; 3 -- 8; 4 -- 8;
    5 -- 6; 5 -- 7; 5 -- 8; 6 -- 8; 7 -- 8;
    [[5, 6, 7, 8], [7], [7], [8], [8], [0, 6, 7, 8], [0, 5, 8], [0, 1, 2, 5, 8], [0, 3, 4, 5, 6, 7]]
}

graph r3_8_6e108 {
    0; 1; 2; 3; 4; 5; 6; 7; 8;
    0 -- 5; 0 -- 6; 0 -- 7; 0 -- 8; 1 -- 7; 2 -- 8; 3 -- 8; 4 -- 8;
    5 -- 6; 5 -- 7; 5 -- 8; 6 -- 7;
    [[5, 6, 7, 8], [7], [8], [8], [8], [0, 6, 7, 8], [0, 5, 7], [0, 1, 5, 6], [0, 2, 3, 4, 5]]
}

graph r3_8_6e109 {
    0; 1; 2; 3; 4; 5; 6; 7; 8;
    0 -- 5; 0 -- 6; 0 -- 7; 0 -- 8; 1 -- 7; 2 -- 8; 3 -- 8; 5 -- 6;
    5 -- 7; 5 -- 8; 6 -- 7; 6 -- 8;
    [[5, 6, 7, 8], [7], [8], [8], [], [0, 6, 7, 8], [0, 5, 7, 8], [0, 1, 5, 6], [0, 2, 3, 5, 6]]
}

graph r3_8_6e110 {
    0; 1; 2; 3; 4; 5; 6; 7; 8;
    0 -- 5; 0 -- 6; 0 -- 7; 0 -- 8; 1 -- 7; 2 -- 8; 5 -- 6; 5 -- 7;
    5 -- 8; 6 -- 7; 6 -- 8; 7 -- 8;
    [[5, 6, 7, 8], [7], [8], [], [], [0, 6, 7, 8], [0, 5, 7, 8], [0, 1, 5, 6, 8], [0, 2, 5, 6, 7]]
}

graph r3_8_6e111 {
    0; 1; 2; 3; 4; 5; 6; 7; 8;
    0 -- 5; 0 -- 6; 0 -- 7; 0 -- 8; 1 -- 7; 2 -- 8; 3 -- 8; 4 -- 8;
    5 -- 6; 5 -- 7; 5 -- 8; 6 -- 7; 6 -- 8;
    [[5, 6, 7, 8], [7], [8], [8], [8], [0, 6, 7, 8], [0, 5, 7, 8], [0, 1, 5, 6], [0, 2, 3, 4, 5, 6]]
}

graph r3_8_6e112 {
    0; 1; 2; 3; 4; 5; 6; 7; 8;
    0 -- 5; 0 -- 6; 0 -- 7; 0 -- 8; 1 -- 7; 2 -- 8; 3 -- 8; 4 -- 8;
    5 -- 6; 5 -- 7; 5 -- 8; 6 -- 7; 7 -- 8;
    [[5, 6, 7, 8], [7], [8], [8], [8], [0, 6, 7, 8], [0, 5, 7], [0, 1, 5, 6, 8], [0, 2, 3, 4, 5, 7]]
}

graph r3_8_6e113 {
    0; 1; 2; 3; 4; 5; 6; 7; 8;
    0 -- 5; 0 -- 6; 0 -- 7; 0 -- 8; 1 -- 7; 2 -- 8; 3 -- 8; 5 -- 6;
    5 -- 7; 5 -- 8; 6 -- 7; 6 -- 8; 7 -- 8;
    [[5, 6, 7, 8], [7], [8], [8], [], [0, 6, 7, 8], [0, 5, 7, 8], [0, 1, 5, 6, 8], [0, 2, 3, 5, 6, 7]]
}

graph r3_8_6e114 {
    0; 1; 2; 3; 4; 5; 6; 7; 8;
    0 -- 5; 0 -- 6; 0 -- 7; 0 -- 8; 1 -- 7; 2 -- 8; 3 -- 8; 4 -- 8;
    5 -- 6; 5 -- 7; 5 -- 8; 6 -- 7; 6 -- 8; 7 -- 8;
    [[5, 6, 7, 8], [7], [8], [8], [8], [0, 6, 7, 8], [0, 5, 7, 8], [0, 1, 5, 6, 8], [0, 2, 3, 4, 5, 6, 7]]
}

graph r3_8_6e115 {
    0; 1; 2; 3; 4; 5; 6; 7; 8;
    0 -- 5; 0 -- 6; 0 -- 7; 0 -- 8; 1 -- 7; 2 -- 7; 3 -- 8; 4 -- 8;
    5 -- 6; 5 -- 7; 5 -- 8; 6 -- 7; 6 -- 8;
    [[5, 6, 7, 8], [7], [7], [8], [8], [0, 6, 7, 8], [0, 5, 7, 8], [0, 1, 2, 5, 6], [0, 3, 4, 5, 6]]
}

graph r3_8_6e116 {
    0; 1; 2; 3; 4; 5; 6; 7; 8;
    0 -- 5; 0 -- 6; 0 -- 7; 0 -- 8; 1 -- 7; 2 -- 7; 3 -- 8; 4 -- 8;
    5 -- 6; 5 -- 7; 5 -- 8; 6 -- 7; 6 -- 8; 7 -- 8;
    [[5, 6, 7, 8], [7], [7], [8], [8], [0, 6, 7, 8], [0, 5, 7, 8], [0, 1, 2, 5, 6, 8], [0, 3, 4, 5, 6, 7]]
}

graph r3_8_6e117 {
    0; 1; 2; 3; 4; 5; 6; 7; 8;
    0 -- 5; 0 -- 7; 1 -- 6; 1 -- 7; 1 -- 8; 2 -- 6; 2 -- 7; 2 -- 8;
    3 -- 7; 4 -- 8; 6 -- 8; 7 -- 8;
    [[5, 7], [6, 7, 8], [6, 7, 8], [7], [8], [0], [1, 2, 8], [0, 1, 2, 3, 8], [1, 2, 4, 6, 7]]
}

graph r3_8_6e118 {
    0; 1; 2; 3; 4; 5; 6; 7; 8;
    0 -- 5; 0 -- 7; 1 -- 6; 1 -- 7; 1 -- 8; 2 -- 6; 2 -- 7; 2 -- 8;
    3 -- 8; 4 -- 8; 6 -- 7; 6 -- 8;
    [[5, 7], [6, 7, 8], [6, 7, 8], [8], [8], [0], [1, 2, 7, 8], [0, 1, 2, 6], [1, 2, 3, 4, 6]]
}

graph r3_8_6e119 {
    0; 1; 2; 3; 4; 5; 6; 7; 8;
    0 -- 5; 0 -- 7; 1 -- 6; 1 -- 7; 1 -- 8; 2 -- 6; 2 -- 7; 2 -- 8;
    3 -- 8; 4 -- 8; 6 -- 7; 7 -- 8;
    [[5, 7], [6, 7, 8], [6, 7, 8], [8], [8], [0], [1, 2, 7], [0, 1, 2, 6, 8], [1, 2, 3, 4, 7]]
}

graph r3_8_6e120 {
    0; 1; 2; 3; 4; 5; 6; 7; 8;
    0 -- 5; 0 -- 7; 1 -- 6; 1 -- 7; 1 -- 8; 2 -- 6; 2 -- 7; 2 -- 8;
    3 -- 8; 6 -- 7; 6 -- 8; 7 -- 8;
    [[5, 7], [6, 7, 8], [6, 7, 8], [8], [], [0], [1, 2, 7, 8], [0, 1, 2, 6, 8], [1, 2, 3, 6, 7]]
}

graph r3_8_6e121 {
    0; 1; 2; 3; 4; 5; 6; 7; 8;
    0 -- 5; 0 -- 7; 1 -- 6; 1 -- 7; 1 -- 8; 2 -- 6; 2 -- 7; 3 -- 8;
    4 -- 8; 6 -- 7; 6 -- 8; 7 -- 8;
    [[5, 7], [6, 7, 8], [6, 7], [8], [8], [0], [1, 2, 7, 8], [0, 1, 2, 6, 8], [1, 3, 4, 6, 7]]
}

graph r3_8_6e122 {
    0; 1; 2; 3; 4; 5; 6; 7; 8;
    0 -- 5; 0 -- 7; 1 -- 6; 1 -- 7; 1 -- 8; 2 -- 6; 2 -- 7; 2 -- 8;
    3 -- 8; 4 -- 8; 6 -- 7; 6 -- 8; 7 -- 8;
    [[5, 7], [6, 7, 8], [6, 7, 8], [8], [8], [0], [1, 2, 7, 8], [0, 1, 2, 6, 8], [1, 2, 3, 4, 6, 7]]
}

graph r3_8_6e123 {
    0; 1; 2; 3; 4; 5; 6; 7; 8;
    0 -- 5; 0 -- 7; 0 -- 8; 1 -- 6; 1 -- 7; 1 -- 8; 2 -- 6; 3 -- 7;
    4 -- 8; 5 -- 7; 5 -- 8; 7 -- 8;
    [[5, 7, 8], [6, 7, 8], [6], [7], [8], [0, 7, 8], [1, 2], [0, 1, 3, 5, 8], [0, 1, 4, 5, 7]]
}

graph r3_8_6e124 {
    0; 1; 2; 3; 4; 5; 6; 7; 8;
    0 -- 5; 0 -- 7; 0 -- 8; 1 -- 6; 1 -- 7; 2 -- 6; 3 -- 7; 3 -- 8;
    4 -- 8; 5 -- 7; 5 -- 8; 7 -- 8;
    [[5, 7, 8], [6, 7], [6], [7, 8], [8], [0, 7, 8], [1, 2], [0, 1, 3, 5, 8], [0, 3, 4, 5, 7]]
}

graph r3_8_6e125 {
    0; 1; 2; 3; 4; 5; 6; 7; 8;
    0 -- 5; 0 -- 7; 0 -- 8; 1 -- 6; 1 -- 7; 1 -- 8; 2 -- 6; 3 -- 7;
    4 -- 8; 6 -- 7; 6 -- 8; 7 -- 8;
    [[5, 7, 8], [6, 7, 8], [6], [7], [8], [0], [1, 2, 7, 8], [0, 1, 3, 6, 8], [0, 1, 4, 6, 7]]
}

graph r3_8_6e126 {
    0; 1; 2; 3; 4; 5; 6; 7; 8;
    0 -- 5; 0 -- 7; 1 -- 6; 1 -- 7; 1 -- 8; 2 -- 6; 2 -- 8; 3 -- 7;
    4 -- 8; 6 -- 7; 6 -- 8; 7 -- 8;
    [[5, 7], [6, 7, 8], [6, 8], [7], [8], [0], [1, 2, 7, 8], [0, 1, 3, 6, 8], [1, 2, 4, 6, 7]]
}

graph r3_8_6e127 {
    0; 1; 2; 3; 4; 5; 6; 7; 8;
    0 -- 5; 0 -- 7; 1 -- 6; 1 -- 7; 1 -- 8; 2 -- 6; 3 -- 7; 3 -- 8;
    4 -- 8; 6 -- 7; 6 -- 8; 7 -- 8;
    [[5, 7], [6, 7, 8], [6], [7, 8], [8], [0], [1, 2, 7, 8], [0, 1, 3, 6, 8], [1, 3, 4, 6, 7]]
}

graph r3_8_6e128 {
    0; 1; 2; 3; 4; 5; 6; 7; 8;
    0 -- 5; 0 -- 7; 0 -- 8; 1 -- 6; 2 -- 6; 3 -- 7; 3 -- 8; 4 -- 7;
    5 -- 7; 5 -- 8; 6 -- 8; 7 -- 8;
    [[5, 7, 8], [6], [6], [7, 8], [7], [0, 7, 8], [1, 2, 8], [0, 3, 4, 5, 8], [0, 3, 5, 6, 7]]
}

graph r3_8_6e129 {
    0; 1; 2; 3; 4; 5; 6; 7; 8;
    0 -- 5; 0 -- 7; 0 -- 8; 1 -- 6; 2 -- 6; 3 -- 7; 4 -- 8; 5 -- 7;
    5 -- 8; 6 -- 7; 6 -- 8; 7 -- 8;
    [[5, 7, 8], [6], [6], [7], [8], [0, 7, 8], [1, 2, 7, 8], [0, 3, 5, 6, 8], [0, 4, 5, 6, 7]]
}

graph r3_8_6e130 {
    0; 1; 2; 3; 4; 5; 6; 7; 8;
    0 -- 5; 0 -- 8; 1 -- 6; 1 -- 7; 1 -- 8; 2 -- 6; 2 -- 7; 2 -- 8;
    3 -- 7; 4 -- 8; 6 -- 7; 6 -- 8;
    [[5, 8], [6, 7, 8], [6, 7, 8], [7], [8], [0], [1, 2, 7, 8], [1, 2, 3, 6], [0, 1, 2, 4, 6]]
}

graph r3_8_6e131 {
    0; 1; 2; 3; 4; 5; 6; 7; 8;
    0 -- 5; 1 -- 6; 1 -- 7; 1 -- 8; 2 -- 6; 2 -- 7; 2 -- 8; 3 -- 7;
    4 -- 8; 6 -- 7; 6 -- 8; 7 -- 8;
    [[5], [6, 7, 8], [6, 7, 8], [7], [8], [0], [1, 2, 7, 8], [1, 2, 3, 6, 8], [1, 2, 4, 6, 7]]
}

graph r3_8_6e132 {
    0; 1; 2; 3; 4; 5; 6; 7; 8;
    0 -- 5; 0 -- 8; 1 -- 6; 1 -- 7; 1 -- 8; 2 -- 6; 2 -- 7; 2 -- 8;
    3 -- 7; 4 -- 8; 6 -- 7; 6 -- 8; 7 -- 8;
    [[5, 8], [6, 7, 8], [6, 7, 8], [7], [8], [0], [1, 2, 7, 8], [1, 2, 3, 6, 8], [0, 1, 2, 4, 6, 7]]
}

graph r3_8_6e133 {
    0; 1; 2; 3; 4; 5; 6; 7; 8;
    0 -- 5; 0 -- 6; 0 -- 7; 0 -- 8; 1 -- 6; 1 -- 7; 1 -- 8; 2 -- 6;
    3 -- 7; 4 -- 8; 6 -- 7; 6 -- 8; 7 -- 8;
    [[5, 6, 7, 8], [6, 7, 8], [6], [7], [8], [0], [0, 1, 2, 7, 8], [0, 1, 3, 6, 8], [0, 1, 4, 6, 7]]
}

graph r3_8_6e134 {
    0; 1; 2; 3; 4; 5; 6; 7; 8;
    0 -- 5; 0 -- 6; 0 -- 7; 0 -- 8; 1 -- 6; 2 -- 6; 3 -- 7; 4 -- 8;
    5 -- 7; 5 -- 8; 6 -- 7; 6 -- 8; 7 -- 8;
    [[5, 6, 7, 8], [6], [6], [7], [8], [0, 7, 8], [0, 1, 2, 7, 8], [0, 3, 5, 6, 8], [0, 4, 5, 6, 7]]
}

graph r3_8_6e135 {
    0; 1; 2; 3; 4; 5; 6; 7; 8;
    0 -- 5; 0 -- 6; 1 -- 6; 1 -- 7; 1 -- 8; 2 -- 6; 2 -- 7; 2 -- 8;
    3 -- 7; 4 -- 8; 6 -- 7; 6 -- 8; 7 -- 8;
    [[5, 6], [6, 7, 8], [6, 7, 8], [7], [8], [0], [0, 1, 2, 7, 8], [1, 2, 3, 6, 8], [1, 2, 4, 6, 7]]
}

graph r3_8_6e136 {
    0; 1; 2; 3; 4; 5; 6; 7; 8;
    0 -- 5; 0 -- 6; 0 -- 7; 0 -- 8; 1 -- 6; 2 -- 7; 3 -- 7; 4 -- 8;
    5 -- 6; 5 -- 7; 5 -- 8; 6 -- 8; 7 -- 8;
    [[5, 6, 7, 8], [6], [7], [7], [8], [0, 6, 7, 8], [0, 1, 5, 8], [0, 2, 3, 5, 8], [0, 4, 5, 6, 7]]
}

graph r3_8_6e137 {
    0; 1; 2; 3; 4; 5; 6; 7; 8;
    0 -- 5; 0 -- 6; 0 -- 7; 0 -- 8; 1 -- 6; 2 -- 7; 3 -- 8; 5 -- 6;
    5 -- 7; 5 -- 8; 6 -- 7; 6 -- 8; 7 -- 8;
    [[5, 6, 7, 8], [6], [7], [8], [], [0, 6, 7, 8], [0, 1, 5, 7, 8], [0, 2, 5, 6, 8], [0, 3, 5, 6, 7]]
}

graph r3_8_6e138 {
    0; 1; 2; 3; 4; 5; 6; 7; 8;
    0 -- 5; 0 -- 6; 0 -- 7; 0 -- 8; 1 -- 6; 2 -- 7; 3 -- 8; 4 -- 8;
    5 -- 6; 5 -- 7; 5 -- 8; 6 -- 7; 6 -- 8; 7 -- 8;
    [[5, 6, 7, 8], [6], [7], [8], [8], [0, 6, 7, 8], [0, 1, 5, 7, 8], [0, 2, 5, 6, 8], [0, 3, 4, 5, 6, 7]]
}

graph r3_8_6e139 {
    0; 1; 2; 3; 4; 5; 6; 7; 8;
    0 -- 5; 0 -- 6; 0 -- 7; 0 -- 8; 1 -- 5; 1 -- 7; 1 -- 8; 2 -- 6;
    3 -- 7; 4 -- 8; 5 -- 7; 5 -- 8; 7 -- 8;
    [[5, 6, 7, 8], [5, 7, 8], [6], [7], [8], [0, 1, 7, 8], [0, 2], [0, 1, 3, 5, 8], [0, 1, 4, 5, 7]]
}

graph r3_8_6e140 {
    0; 1; 2; 3; 4; 5; 6; 7; 8;
    0 -- 5; 0 -- 6; 0 -- 7; 0 -- 8; 1 -- 5; 2 -- 6; 3 -- 7; 4 -- 8;
    5 -- 7; 5 -- 8; 6 -- 7; 6 -- 8; 7 -- 8;
    [[5, 6, 7, 8], [5], [6], [7], [8], [0, 1, 7, 8], [0, 2, 7, 8], [0, 3, 5, 6, 8], [0, 4, 5, 6, 7]]
}

graph r3_8_6e141 {
    0; 1; 2; 3; 4; 5; 6; 7; 8;
    0 -- 5; 0 -- 7; 0 -- 8; 1 -- 5; 1 -- 7; 1 -- 8; 2 -- 6; 2 -- 7;
    3 -- 6; 4 -- 8; 5 -- 7; 5 -- 8; 7 -- 8;
    [[5, 7, 8], [5, 7, 8], [6, 7], [6], [8], [0, 1, 7, 8], [2, 3], [0, 1, 2, 5, 8], [0, 1, 4, 5, 7]]
}

graph r3_8_6e142 {
    0; 1; 2; 3; 4; 5; 6; 7; 8;
    0 -- 5; 0 -- 7; 0 -- 8; 1 -- 5; 1 -- 7; 1 -- 8; 2 -- 6; 3 -- 6;
    4 -- 7; 5 -- 7; 5 -- 8; 6 -- 8; 7 -- 8;
    [[5, 7, 8], [5, 7, 8], [6], [6], [7], [0, 1, 7, 8], [2, 3, 8], [0, 1, 4, 5, 8], [0, 1, 5, 6, 7]]
}

graph r3_8_6e143 {
    0; 1; 2; 3; 4; 5; 6; 7; 8;
    0 -- 5; 0 -- 6; 0 -- 7; 0 -- 8; 1 -- 5; 2 -- 6; 3 -- 7; 4 -- 8;
    5 -- 6; 5 -- 7; 5 -- 8; 6 -- 7; 6 -- 8; 7 -- 8;
    [[5, 6, 7, 8], [5], [6], [7], [8], [0, 1, 6, 7, 8], [0, 2, 5, 7, 8], [0, 3, 5, 6, 8], [0, 4, 5, 6, 7]]
}

graph r3_8_6e144 {
    0; 1; 2; 3; 4; 5; 6; 7; 8;
    0 -- 4; 0 -- 7; 0 -- 8; 1 -- 5; 1 -- 7; 1 -- 8; 2 -- 6; 2 -- 7;
    3 -- 8; 4 -- 7; 4 -- 8; 7 -- 8;
    [[4, 7, 8], [5, 7, 8], [6, 7], [8], [0, 7, 8], [1], [2], [0, 1, 2, 4, 8], [0, 1, 3, 4, 7]]
}

graph r3_8_6e145 {
    0; 1; 2; 3; 4; 5; 6; 7; 8;
    0 -- 4; 0 -- 7; 0 -- 8; 1 -- 5; 1 -- 7; 2 -- 6; 2 -- 8; 3 -- 7;
    3 -- 8; 4 -- 7; 4 -- 8; 7 -- 8;
    [[4, 7, 8], [5, 7], [6, 8], [7, 8], [0, 7, 8], [1], [2], [0, 1, 3, 4, 8], [0, 2, 3, 4, 7]]
}

graph r3_8_6e146 {
    0; 1; 2; 3; 4; 5; 6; 7; 8;
    0 -- 4; 0 -- 6; 0 -- 7; 0 -- 8; 1 -- 5; 1 -- 7; 2 -- 6; 2 -- 7;
    2 -- 8; 3 -- 8; 6 -- 7; 6 -- 8; 7 -- 8;
    [[4, 6, 7, 8], [5, 7], [6, 7, 8], [8], [0], [1], [0, 2, 7, 8], [0, 1, 2, 6, 8], [0, 2, 3, 6, 7]]
}

graph r3_8_6e147 {
    0; 1; 2; 3; 4; 5; 6; 7; 8;
    0 -- 4; 0 -- 6; 0 -- 7; 0 -- 8; 1 -- 5; 1 -- 7; 2 -- 7; 3 -- 8;
    4 -- 6; 4 -- 7; 4 -- 8; 6 -- 8; 7 -- 8;
    [[4, 6, 7, 8], [5, 7], [7], [8], [0, 6, 7, 8], [1], [0, 4, 8], [0, 1, 2, 4, 8], [0, 3, 4, 6, 7]]
}

graph r3_8_6e148 {
    0; 1; 2; 3; 4; 5; 6; 7; 8;
    0 -- 4; 0 -- 6; 0 -- 7; 0 -- 8; 1 -- 5; 1 -- 7; 2 -- 8; 3 -- 8;
    4 -- 6; 4 -- 7; 4 -- 8; 6 -- 7; 6 -- 8;
    [[4, 6, 7, 8], [5, 7], [8], [8], [0, 6, 7, 8], [1], [0, 4, 7, 8], [0, 1, 4, 6], [0, 2, 3, 4, 6]]
}

graph r3_8_6e149 {
    0; 1; 2; 3; 4; 5; 6; 7; 8;
    0 -- 4; 0 -- 6; 0 -- 7; 0 -- 8; 1 -- 5; 1 -- 7; 2 -- 8; 3 -- 8;
    4 -- 6; 4 -- 7; 4 -- 8; 6 -- 7; 7 -- 8;
    [[4, 6, 7, 8], [5, 7], [8], [8], [0, 6, 7, 8], [1], [0, 4, 7], [0, 1, 4, 6, 8], [0, 2, 3, 4, 7]]
}

graph r3_8_6e150 {
    0; 1; 2; 3; 4; 5; 6; 7; 8;
    0 -- 4; 0 -- 6; 0 -- 7; 0 -- 8; 1 -- 5; 1 -- 7; 2 -- 8; 4 -- 6;
    4 -- 7; 4 -- 8; 6 -- 7; 6 -- 8; 7 -- 8;
    [[4, 6, 7, 8], [5, 7], [8], [], [0, 6, 7, 8], [1], [0, 4, 7, 8], [0, 1, 4, 6, 8], [0, 2, 4, 6, 7]]
}

graph r3_8_6e151 {
    0; 1; 2; 3; 4; 5; 6; 7; 8;
    0 -- 4; 0 -- 6; 0 -- 7; 0 -- 8; 1 -- 5; 1 -- 7; 2 -- 8; 3 -- 8;
    4 -- 6; 4 -- 7; 4 -- 8; 6 -- 7; 6 -- 8; 7 -- 8;
    [[4, 6, 7, 8], [5, 7], [8], [8], [0, 6, 7, 8], [1], [0, 4, 7, 8], [0, 1, 4, 6, 8], [0, 2, 3, 4, 6, 7]]
}

graph r3_8_6e152 {
    0; 1; 2; 3; 4; 5; 6; 7; 8;
    0 -- 4; 0 -- 6; 0 -- 7; 0 -- 8; 1 -- 5; 1 -- 8; 2 -- 7; 3 -- 8;
    4 -- 6; 4 -- 7; 4 -- 8; 6 -- 7; 6 -- 8;
    [[4, 6, 7, 8], [5, 8], [7], [8], [0, 6, 7, 8], [1], [0, 4, 7, 8], [0, 2, 4, 6], [0, 1, 3, 4, 6]]
}

graph r3_8_6e153 {
    0; 1; 2; 3; 4; 5; 6; 7; 8;
    0 -- 4; 0 -- 6; 0 -- 7; 0 -- 8; 1 -- 5; 2 -- 7; 3 -- 8; 4 -- 6;
    4 -- 7; 4 -- 8; 6 -- 7; 6 -- 8; 7 -- 8;
    [[4, 6, 7, 8], [5], [7], [8], [0, 6, 7, 8], [1], [0, 4, 7, 8], [0, 2, 4, 6, 8], [0, 3, 4, 6, 7]]
}

graph r3_8_6e154 {
    0; 1; 2; 3; 4; 5; 6; 7; 8;
    0 -- 4; 0 -- 6; 0 -- 7; 0 -- 8; 1 -- 5; 1 -- 8; 2 -- 7; 3 -- 8;
    4 -- 6; 4 -- 7; 4 -- 8; 6 -- 7; 6 -- 8; 7 -- 8;
    [[4, 6, 7, 8], [5, 8], [7], [8], [0, 6, 7, 8], [1], [0, 4, 7, 8], [0, 2, 4, 6, 8], [0, 1, 3, 4, 6, 7]]
}

graph r3_8_6e155 {
    0; 1; 2; 3; 4; 5; 6; 7; 8;
    0 -- 4; 0 -- 7; 1 -- 5; 1 -- 8; 2 -- 6; 2 -- 7; 2 -- 8; 3 -- 6;
    3 -- 7; 3 -- 8; 6 -- 7; 6 -- 8; 7 -- 8;
    [[4, 7], [5, 8], [6, 7, 8], [6, 7, 8], [0], [1], [2, 3, 7, 8], [0, 2, 3, 6, 8], [1, 2, 3, 6, 7]]
}

graph r3_8_6e156 {
    0; 1; 2; 3; 4; 5; 6; 7; 8;
    0 -- 4; 0 -- 6; 0 -- 7; 0 -- 8; 1 -- 5; 1 -- 6; 2 -- 7; 3 -- 8;
    4 -- 6; 4 -- 7; 4 -- 8; 6 -- 7; 6 -- 8; 7 -- 8;
    [[4, 6, 7, 8], [5, 6], [7], [8], [0, 6, 7, 8], [1], [0, 1, 4, 7, 8], [0, 2, 4, 6, 8], [0, 3, 4, 6, 7]]
}

graph r3_8_6e157 {
    0; 1; 2; 3; 4; 5; 6; 7; 8;
    0 -- 4; 0 -- 5; 0 -- 7; 0 -- 8; 1 -- 6; 1 -- 7; 2 -- 6; 3 -- 8;
    4 -- 5; 4 -- 7; 4 -- 8; 5 -- 7; 5 -- 8; 7 -- 8;
    [[4, 5, 7, 8], [6, 7], [6], [8], [0, 5, 7, 8], [0, 4, 7, 8], [1, 2], [0, 1, 4, 5, 8], [0, 3, 4, 5, 7]]
}

graph r3_8_6e158 {
    0; 1; 2; 3; 4; 5; 6; 7; 8;
    0 -- 4; 0 -- 5; 0 -- 7; 0 -- 8; 1 -- 6; 2 -- 6; 3 -- 7; 4 -- 5;
    4 -- 7; 4 -- 8; 5 -- 7; 5 -- 8; 6 -- 8; 7 -- 8;
    [[4, 5, 7, 8], [6], [6], [7], [0, 5, 7, 8], [0, 4, 7, 8], [1, 2, 8], [0, 3, 4, 5, 8], [0, 4, 5, 6, 7]]
}

graph r3_8_6e159 {
    0; 1; 2; 3; 4; 5; 6; 7; 8;
    0 -- 3; 0 -- 6; 0 -- 7; 0 -- 8; 1 -- 4; 1 -- 7; 2 -- 5; 2 -- 8;
    3 -- 6; 3 -- 7; 3 -- 8; 6 -- 7; 6 -- 8; 7 -- 8;
    [[3, 6, 7, 8], [4, 7], [5, 8], [0, 6, 7, 8], [1], [2], [0, 3, 7, 8], [0, 1, 3, 6, 8], [0, 2, 3, 6, 7]]
}

R^PG_3(8,6) = 10
159 extremal graph(s)
running time:25.54390549659729sec
