Finding R^PG_3(10,5)

Order & number of counterexample graphs:
0 1
1 1
2 2
3 4
4 11
5 11
6 12
7 12
8 13
9 13
10 0

13 extremal graph(s):

graph r3_10_5e1 {
    0; 1; 2; 3; 4; 5; 6; 7; 8;
    [[], [], [], [], [], [], [], [], []]
}

graph r3_10_5e2 {
    0; 1; 2; 3; 4; 5; 6; 7; 8;
    0 -- 8;
    [[8], [], [], [], [], [], [], [], [0]]
}

graph r3_10_5e3 {
    0; 1; 2; 3; 4; 5; 6; 7; 8;
    0 -- 8; 1 -- 8;
    [[8], [8], [], [], [], [], [], [], [0, 1]]
}

graph r3_10_5e4 {
    0; 1; 2; 3; 4; 5; 6; 7; 8;
    0 -- 8; 1 -- 8; 2 -- 8;
    [[8], [8], [8], [], [], [], [], [], [0, 1, 2]]
}

graph r3_10_5e5 {
    0; 1; 2; 3; 4; 5; 6; 7; 8;
    0 -- 7; 1 -- 8;
    [[7], [8], [], [], [], [], [], [0], [1]]
}

graph r3_10_5e6 {
    0; 1; 2; 3; 4; 5; 6; 7; 8;
    0 -- 7; 0 -- 8; 1 -- 8;
    [[7, 8], [8], [], [], [], [], [], [0], [0, 1]]
}

graph r3_10_5e7 {
    0; 1; 2; 3; 4; 5; 6; 7; 8;
    0 -- 7; 0 -- 8; 7 -- 8;
    [[7, 8], [], [], [], [], [], [], [0, 8], [0, 7]]
}

graph r3_10_5e8 {
    0; 1; 2; 3; 4; 5; 6; 7; 8;
    0 -- 7; 0 -- 8; 1 -- 8; 7 -- 8;
    [[7, 8], [8], [], [], [], [], [], [0, 8], [0, 1, 7]]
}

graph r3_10_5e9 {
    0; 1; 2; 3; 4; 5; 6; 7; 8;
    0 -- 7; 0 -- 8; 1 -- 7; 1 -- 8;
    [[7, 8], [7, 8], [], [], [], [], [], [0, 1], [0, 1]]
}

graph r3_10_5e10 {
    0; 1; 2; 3; 4; 5; 6; 7; 8;
    0 -- 7; 0 -- 8; 1 -- 7; 1 -- 8; 7 -- 8;
    [[7, 8], [7, 8], [], [], [], [], [], [0, 1, 8], [0, 1, 7]]
}

graph r3_10_5e11 {
    0; 1; 2; 3; 4; 5; 6; 7; 8;
    0 -- 6; 1 -- 7; 2 -- 8;
    [[6], [7], [8], [], [], [], [0], [1], [2]]
}

graph r3_10_5e12 {
    0; 1; 2; 3; 4; 5; 6; 7; 8;
    0 -- 6; 0 -- 7; 0 -- 8; 6 -- 7; 6 -- 8; 7 -- 8;
    [[6, 7, 8], [], [], [], [], [], [0, 7, 8], [0, 6, 8], [0, 6, 7]]
}

graph r3_10_5e13 {
    0; 1; 2; 3; 4; 5; 6; 7; 8;
    0 -- 5; 1 -- 6; 2 -- 7; 3 -- 8;
    [[5], [6], [7], [8], [], [0], [1], [2], [3]]
}

R^PG_3(10,5) = 10
13 extremal graph(s)
running time:0.6413109302520752sec
