Finding R^PG_3(9,5)

Order & number of counterexample graphs:
0 1
1 1
2 2
3 4
4 11
5 11
6 12
7 12
8 13
9 0

13 extremal graph(s):

graph r3_9_5e1 {
    0; 1; 2; 3; 4; 5; 6; 7;
    [[], [], [], [], [], [], [], []]
}

graph r3_9_5e2 {
    0; 1; 2; 3; 4; 5; 6; 7;
    0 -- 7;
    [[7], [], [], [], [], [], [], [0]]
}

graph r3_9_5e3 {
    0; 1; 2; 3; 4; 5; 6; 7;
    0 -- 7; 1 -- 7;
    [[7], [7], [], [], [], [], [], [0, 1]]
}

graph r3_9_5e4 {
    0; 1; 2; 3; 4; 5; 6; 7;
    0 -- 7; 1 -- 7; 2 -- 7;
    [[7], [7], [7], [], [], [], [], [0, 1, 2]]
}

graph r3_9_5e5 {
    0; 1; 2; 3; 4; 5; 6; 7;
    0 -- 6; 1 -- 7;
    [[6], [7], [], [], [], [], [0], [1]]
}

graph r3_9_5e6 {
    0; 1; 2; 3; 4; 5; 6; 7;
    0 -- 6; 0 -- 7; 1 -- 7;
    [[6, 7], [7], [], [], [], [], [0], [0, 1]]
}

graph r3_9_5e7 {
    0; 1; 2; 3; 4; 5; 6; 7;
    0 -- 6; 0 -- 7; 6 -- 7;
    [[6, 7], [], [], [], [], [], [0, 7], [0, 6]]
}

graph r3_9_5e8 {
    0; 1; 2; 3; 4; 5; 6; 7;
    0 -- 6; 0 -- 7; 1 -- 7; 6 -- 7;
    [[6, 7], [7], [], [], [], [], [0, 7], [0, 1, 6]]
}

graph r3_9_5e9 {
    0; 1; 2; 3; 4; 5; 6; 7;
    0 -- 6; 0 -- 7; 1 -- 6; 1 -- 7;
    [[6, 7], [6, 7], [], [], [], [], [0, 1], [0, 1]]
}

graph r3_9_5e10 {
    0; 1; 2; 3; 4; 5; 6; 7;
    0 -- 6; 0 -- 7; 1 -- 6; 1 -- 7; 6 -- 7;
    [[6, 7], [6, 7], [], [], [], [], [0, 1, 7], [0, 1, 6]]
}

graph r3_9_5e11 {
    0; 1; 2; 3; 4; 5; 6; 7;
    0 -- 5; 1 -- 6; 2 -- 7;
    [[5], [6], [7], [], [], [0], [1], [2]]
}

graph r3_9_5e12 {
    0; 1; 2; 3; 4; 5; 6; 7;
    0 -- 5; 0 -- 6; 0 -- 7; 5 -- 6; 5 -- 7; 6 -- 7;
    [[5, 6, 7], [], [], [], [], [0, 6, 7], [0, 5, 7], [0, 5, 6]]
}

graph r3_9_5e13 {
    0; 1; 2; 3; 4; 5; 6; 7;
    0 -- 4; 1 -- 5; 2 -- 6; 3 -- 7;
    [[4], [5], [6], [7], [0], [1], [2], [3]]
}

R^PG_3(9,5) = 9
13 extremal graph(s)
running time:0.22140812873840332sec
