Finding R^PG_3(7,7)

Order & number of counterexample graphs:
0 1
1 1
2 2
3 4
4 11
5 33
6 148
7 666
8 2661
9 1305
10 4
11 0

4 extremal graph(s):

graph r3_7_7e1 {
    0; 1; 2; 3; 4; 5; 6; 7; 8; 9;
    0 -- 6; 0 -- 7; 0 -- 8; 0 -- 9; 1 -- 6; 1 -- 7; 1 -- 8; 1 -- 9;
    2 -- 6; 2 -- 7; 3 -- 6; 3 -- 7; 4 -- 8; 4 -- 9; 5 -- 8; 5 -- 9;
    6 -- 7; 6 -- 8; 6 -- 9; 7 -- 8; 7 -- 9; 8 -- 9;
    [[6, 7, 8, 9], [6, 7, 8, 9], [6, 7], [6, 7], [8, 9], [8, 9], [0, 1, 2, 3, 7, 8, 9], [0, 1, 2, 3, 6, 8, 9], [0, 1, 4, 5, 6, 7, 9], [0, 1, 4, 5, 6, 7, 8]]
}

graph r3_7_7e2 {
    0; 1; 2; 3; 4; 5; 6; 7; 8; 9;
    0 -- 6; 0 -- 7; 0 -- 8; 0 -- 9; 1 -- 6; 1 -- 7; 1 -- 8; 1 -- 9;
    2 -- 6; 2 -- 7; 3 -- 6; 3 -- 8; 4 -- 7; 4 -- 9; 5 -- 8; 5 -- 9;
    6 -- 7; 6 -- 8; 6 -- 9; 7 -- 8; 7 -- 9; 8 -- 9;
    [[6, 7, 8, 9], [6, 7, 8, 9], [6, 7], [6, 8], [7, 9], [8, 9], [0, 1, 2, 3, 7, 8, 9], [0, 1, 2, 4, 6, 8, 9], [0, 1, 3, 5, 6, 7, 9], [0, 1, 4, 5, 6, 7, 8]]
}

graph r3_7_7e3 {
    0; 1; 2; 3; 4; 5; 6; 7; 8; 9;
    0 -- 5; 0 -- 6; 0 -- 7; 0 -- 8; 0 -- 9; 1 -- 6; 1 -- 7; 2 -- 6;
    2 -- 7; 3 -- 8; 3 -- 9; 4 -- 8; 4 -- 9; 5 -- 6; 5 -- 7; 5 -- 8;
    5 -- 9; 6 -- 7; 6 -- 8; 6 -- 9; 7 -- 8; 7 -- 9; 8 -- 9;
    [[5, 6, 7, 8, 9], [6, 7], [6, 7], [8, 9], [8, 9], [0, 6, 7, 8, 9], [0, 1, 2, 5, 7, 8, 9], [0, 1, 2, 5, 6, 8, 9], [0, 3, 4, 5, 6, 7, 9], [0, 3, 4, 5, 6, 7, 8]]
}

graph r3_7_7e4 {
    0; 1; 2; 3; 4; 5; 6; 7; 8; 9;
    0 -- 5; 0 -- 6; 0 -- 7; 0 -- 8; 0 -- 9; 1 -- 6; 1 -- 7; 2 -- 6;
    2 -- 8; 3 -- 7; 3 -- 9; 4 -- 8; 4 -- 9; 5 -- 6; 5 -- 7; 5 -- 8;
    5 -- 9; 6 -- 7; 6 -- 8; 6 -- 9; 7 -- 8; 7 -- 9; 8 -- 9;
    [[5, 6, 7, 8, 9], [6, 7], [6, 8], [7, 9], [8, 9], [0, 6, 7, 8, 9], [0, 1, 2, 5, 7, 8, 9], [0, 1, 3, 5, 6, 8, 9], [0, 2, 4, 5, 6, 7, 9], [0, 3, 4, 5, 6, 7, 8]]
}

R^PG_3(7,7) = 11
4 extremal graph(s)
running time:155.37505650520325sec
