Finding R^PG_3(6,6)

Order & number of counterexample graphs:
0 1
1 1
2 2
3 4
4 11
5 33
6 44
7 4
8 0

4 extremal graph(s):

graph r3_6_6e1 {
    0; 1; 2; 3; 4; 5; 6;
    0 -- 5; 0 -- 6; 1 -- 5; 1 -- 6; 2 -- 5; 2 -- 6; 3 -- 5; 4 -- 6;
    5 -- 6;
    [[5, 6], [5, 6], [5, 6], [5], [6], [0, 1, 2, 3, 6], [0, 1, 2, 4, 5]]
}

graph r3_6_6e2 {
    0; 1; 2; 3; 4; 5; 6;
    0 -- 4; 0 -- 5; 0 -- 6; 1 -- 5; 1 -- 6; 2 -- 5; 3 -- 6; 4 -- 5;
    4 -- 6; 5 -- 6;
    [[4, 5, 6], [5, 6], [5], [6], [0, 5, 6], [0, 1, 2, 4, 6], [0, 1, 3, 4, 5]]
}

graph r3_6_6e3 {
    0; 1; 2; 3; 4; 5; 6;
    0 -- 4; 0 -- 5; 0 -- 6; 1 -- 4; 1 -- 5; 1 -- 6; 2 -- 5; 3 -- 6;
    4 -- 5; 4 -- 6; 5 -- 6;
    [[4, 5, 6], [4, 5, 6], [5], [6], [0, 1, 5, 6], [0, 1, 2, 4, 6], [0, 1, 3, 4, 5]]
}

graph r3_6_6e4 {
    0; 1; 2; 3; 4; 5; 6;
    0 -- 3; 0 -- 4; 0 -- 5; 0 -- 6; 1 -- 5; 2 -- 6; 3 -- 4; 3 -- 5;
    3 -- 6; 4 -- 5; 4 -- 6; 5 -- 6;
    [[3, 4, 5, 6], [5], [6], [0, 4, 5, 6], [0, 3, 5, 6], [0, 1, 3, 4, 6], [0, 2, 3, 4, 5]]
}

R^PG_3(6,6) = 8
4 extremal graph(s)
running time:0.11768484115600586sec
