Finding R^PG_3(8,5)

Order & number of counterexample graphs:
0 1
1 1
2 2
3 4
4 11
5 11
6 12
7 12
8 0

12 extremal graph(s):

graph r3_8_5e1 {
    0; 1; 2; 3; 4; 5; 6;
    [[], [], [], [], [], [], []]
}

graph r3_8_5e2 {
    0; 1; 2; 3; 4; 5; 6;
    0 -- 6;
    [[6], [], [], [], [], [], [0]]
}

graph r3_8_5e3 {
    0; 1; 2; 3; 4; 5; 6;
    0 -- 6; 1 -- 6;
    [[6], [6], [], [], [], [], [0, 1]]
}

graph r3_8_5e4 {
    0; 1; 2; 3; 4; 5; 6;
    0 -- 6; 1 -- 6; 2 -- 6;
    [[6], [6], [6], [], [], [], [0, 1, 2]]
}

graph r3_8_5e5 {
    0; 1; 2; 3; 4; 5; 6;
    0 -- 5; 1 -- 6;
    [[5], [6], [], [], [], [0], [1]]
}

graph r3_8_5e6 {
    0; 1; 2; 3; 4; 5; 6;
    0 -- 5; 0 -- 6; 1 -- 6;
    [[5, 6], [6], [], [], [], [0], [0, 1]]
}

graph r3_8_5e7 {
    0; 1; 2; 3; 4; 5; 6;
    0 -- 5; 0 -- 6; 5 -- 6;
    [[5, 6], [], [], [], [], [0, 6], [0, 5]]
}

graph r3_8_5e8 {
    0; 1; 2; 3; 4; 5; 6;
    0 -- 5; 0 -- 6; 1 -- 6; 5 -- 6;
    [[5, 6], [6], [], [], [], [0, 6], [0, 1, 5]]
}

graph r3_8_5e9 {
    0; 1; 2; 3; 4; 5; 6;
    0 -- 5; 0 -- 6; 1 -- 5; 1 -- 6;
    [[5, 6], [5, 6], [], [], [], [0, 1], [0, 1]]
}

graph r3_8_5e10 {
    0; 1; 2; 3; 4; 5; 6;
    0 -- 5; 0 -- 6; 1 -- 5; 1 -- 6; 5 -- 6;
    [[5, 6], [5, 6], [], [], [], [0, 1, 6], [0, 1, 5]]
}

graph r3_8_5e11 {
    0; 1; 2; 3; 4; 5; 6;
    0 -- 4; 1 -- 5; 2 -- 6;
    [[4], [5], [6], [], [0], [1], [2]]
}

graph r3_8_5e12 {
    0; 1; 2; 3; 4; 5; 6;
    0 -- 4; 0 -- 5; 0 -- 6; 4 -- 5; 4 -- 6; 5 -- 6;
    [[4, 5, 6], [], [], [], [0, 5, 6], [0, 4, 6], [0, 4, 5]]
}

R^PG_3(8,5) = 8
12 extremal graph(s)
running time:0.06684589385986328sec
