Finding R^BIP_1(9,4)

Order & number of counterexample graphs:
0 1
1 1
2 2
3 3
4 6
5 10
6 21
7 39
8 86
9 177
10 378
11 621
12 699
13 320
14 73
15 7
16 1
17 0

1 extremal graph(s):

graph r1_9_4e1 {
    0; 1; 2; 3; 4; 5; 6; 7; 8; 9; 10; 11; 12; 13; 14; 15;
    0 -- 8; 0 -- 9; 0 -- 10; 1 -- 8; 1 -- 11; 1 -- 12; 2 -- 8; 2 -- 13;
    2 -- 14; 3 -- 9; 3 -- 11; 3 -- 15; 4 -- 9; 4 -- 12; 4 -- 13;
    5 -- 10; 5 -- 11; 5 -- 14; 6 -- 10; 6 -- 13; 6 -- 15; 7 -- 12;
    7 -- 14; 7 -- 15;
    [[8, 9, 10], [8, 11, 12], [8, 13, 14], [9, 11, 15], [9, 12, 13], [10, 11, 14], [10, 13, 15], [12, 14, 15], [0, 1, 2], [0, 3, 4], [0, 5, 6], [1, 3, 5], [1, 4, 7], [2, 4, 6], [2, 5, 7], [3, 6, 7]]
}

R^BIP_1(9,4) = 17
1 extremal graph(s)
running time:5359.914569139481sec
