Finding R^BIP_1(7,4)

Order & number of counterexample graphs:
0 1
1 1
2 2
3 3
4 6
5 10
6 21
7 35
8 52
9 33
10 8
11 1
12 0

1 extremal graph(s):

graph r1_7_4e1 {
    0; 1; 2; 3; 4; 5; 6; 7; 8; 9; 10;
    0 -- 6; 0 -- 7; 0 -- 8; 1 -- 6; 1 -- 9; 1 -- 10; 2 -- 7; 2 -- 9;
    3 -- 7; 3 -- 10; 4 -- 8; 4 -- 9; 5 -- 8; 5 -- 10;
    [[6, 7, 8], [6, 9, 10], [7, 9], [7, 10], [8, 9], [8, 10], [0, 1], [0, 2, 3], [0, 4, 5], [1, 2, 4], [1, 3, 5]]
}

R^BIP_1(7,4) = 12
1 extremal graph(s)
running time:1.6589195728302002sec
