Finding R^BIP_1(6,4)

Order & number of counterexample graphs:
0 1
1 1
2 2
3 3
4 6
5 10
6 17
7 15
8 3
9 0

3 extremal graph(s):

graph r1_6_4e1 {
    0; 1; 2; 3; 4; 5; 6; 7;
    0 -- 5; 0 -- 6; 1 -- 5; 1 -- 7; 2 -- 6; 2 -- 7; 3 -- 6; 4 -- 7;
    [[5, 6], [5, 7], [6, 7], [6], [7], [0, 1], [0, 2, 3], [1, 2, 4]]
}

graph r1_6_4e2 {
    0; 1; 2; 3; 4; 5; 6; 7;
    0 -- 4; 0 -- 5; 0 -- 7; 1 -- 5; 1 -- 6; 2 -- 6; 2 -- 7; 3 -- 7;
    [[4, 5, 7], [5, 6], [6, 7], [7], [0], [0, 1], [1, 2], [0, 2, 3]]
}

graph r1_6_4e3 {
    0; 1; 2; 3; 4; 5; 6; 7;
    0 -- 4; 0 -- 5; 1 -- 4; 1 -- 6; 2 -- 5; 2 -- 7; 3 -- 6; 3 -- 7;
    [[4, 5], [4, 6], [5, 7], [6, 7], [0, 1], [0, 2], [1, 3], [2, 3]]
}

R^BIP_1(6,4) = 9
3 extremal graph(s)
running time:0.12471294403076172sec
