Finding R^BIP_1(5,4)

Order & number of counterexample graphs:
0 1
1 1
2 2
3 3
4 6
5 7
6 5
7 0

5 extremal graph(s):

graph r1_5_4e1 {
    0; 1; 2; 3; 4; 5;
    0 -- 4; 1 -- 4; 2 -- 5; 3 -- 5;
    [[4], [4], [5], [5], [0, 1], [2, 3]]
}

graph r1_5_4e2 {
    0; 1; 2; 3; 4; 5;
    0 -- 4; 0 -- 5; 1 -- 4; 2 -- 5; 3 -- 5;
    [[4, 5], [4], [5], [5], [0, 1], [0, 2, 3]]
}

graph r1_5_4e3 {
    0; 1; 2; 3; 4; 5;
    0 -- 4; 1 -- 4; 2 -- 5; 3 -- 5; 4 -- 5;
    [[4], [4], [5], [5], [0, 1, 5], [2, 3, 4]]
}

graph r1_5_4e4 {
    0; 1; 2; 3; 4; 5;
    0 -- 3; 0 -- 4; 1 -- 4; 1 -- 5; 2 -- 5;
    [[3, 4], [4, 5], [5], [0], [0, 1], [1, 2]]
}

graph r1_5_4e5 {
    0; 1; 2; 3; 4; 5;
    0 -- 3; 0 -- 4; 1 -- 3; 1 -- 5; 2 -- 4; 2 -- 5;
    [[3, 4], [3, 5], [4, 5], [0, 1], [0, 2], [1, 2]]
}

R_1^BIP(5,4) = 7
5 extremal graph(s)
running time:0.016565322875976562sec
