Finding R^BIP_1(8,4)

Order & number of counterexample graphs:
0 1
1 1
2 2
3 3
4 6
5 10
6 21
7 39
8 81
9 135
10 164
11 73
12 15
13 1
14 1
15 0

1 extremal graph(s):

graph r1_8_4e1 {
    0; 1; 2; 3; 4; 5; 6; 7; 8; 9; 10; 11; 12; 13;
    0 -- 7; 0 -- 8; 0 -- 9; 1 -- 7; 1 -- 10; 1 -- 11; 2 -- 7; 2 -- 12;
    2 -- 13; 3 -- 8; 3 -- 10; 3 -- 12; 4 -- 8; 4 -- 11; 4 -- 13; 5 -- 9;
    5 -- 10; 5 -- 13; 6 -- 9; 6 -- 11; 6 -- 12;
    [[7, 8, 9], [7, 10, 11], [7, 12, 13], [8, 10, 12], [8, 11, 13], [9, 10, 13], [9, 11, 12], [0, 1, 2], [0, 3, 4], [0, 5, 6], [1, 3, 5], [1, 4, 6], [2, 3, 6], [2, 4, 5]]
}

R^BIP_1(8,4) = 15
1 extremal graph(s)
running time:14.501392364501953sec
