Finding R^BIP_4(9,10)

Order & number of counterexample graphs:
0 1
1 1
2 2
3 3
4 7
5 13
6 35
7 88
8 303
9 331
10 282
11 173
12 70
13 0

70 extremal graph(s):

graph r4_9_10e1 {
    0; 1; 2; 3; 4; 5; 6; 7; 8; 9; 10; 11;
    0 -- 8; 0 -- 9; 0 -- 10; 0 -- 11; 1 -- 8; 1 -- 9; 1 -- 10; 1 -- 11;
    2 -- 8; 2 -- 9; 2 -- 10; 2 -- 11; 3 -- 8; 3 -- 9; 3 -- 10; 3 -- 11;
    4 -- 8; 4 -- 9; 4 -- 10; 4 -- 11; 5 -- 9; 5 -- 10; 5 -- 11; 6 -- 10;
    6 -- 11; 7 -- 11;
    [[8, 9, 10, 11], [8, 9, 10, 11], [8, 9, 10, 11], [8, 9, 10, 11], [8, 9, 10, 11], [9, 10, 11], [10, 11], [11], [0, 1, 2, 3, 4], [0, 1, 2, 3, 4, 5], [0, 1, 2, 3, 4, 5, 6], [0, 1, 2, 3, 4, 5, 6, 7]]
}

graph r4_9_10e2 {
    0; 1; 2; 3; 4; 5; 6; 7; 8; 9; 10; 11;
    0 -- 8; 0 -- 9; 0 -- 10; 0 -- 11; 1 -- 8; 1 -- 9; 1 -- 10; 1 -- 11;
    2 -- 8; 2 -- 9; 2 -- 10; 2 -- 11; 3 -- 8; 3 -- 9; 3 -- 10; 3 -- 11;
    4 -- 8; 4 -- 9; 4 -- 10; 4 -- 11; 5 -- 9; 5 -- 11; 6 -- 10; 6 -- 11;
    7 -- 10; 7 -- 11;
    [[8, 9, 10, 11], [8, 9, 10, 11], [8, 9, 10, 11], [8, 9, 10, 11], [8, 9, 10, 11], [9, 11], [10, 11], [10, 11], [0, 1, 2, 3, 4], [0, 1, 2, 3, 4, 5], [0, 1, 2, 3, 4, 6, 7], [0, 1, 2, 3, 4, 5, 6, 7]]
}

graph r4_9_10e3 {
    0; 1; 2; 3; 4; 5; 6; 7; 8; 9; 10; 11;
    0 -- 8; 0 -- 9; 0 -- 10; 0 -- 11; 1 -- 8; 1 -- 9; 1 -- 10; 1 -- 11;
    2 -- 8; 2 -- 9; 2 -- 10; 2 -- 11; 3 -- 8; 3 -- 9; 3 -- 10; 3 -- 11;
    4 -- 8; 4 -- 9; 4 -- 11; 5 -- 9; 5 -- 10; 5 -- 11; 6 -- 10; 6 -- 11;
    7 -- 10; 7 -- 11;
    [[8, 9, 10, 11], [8, 9, 10, 11], [8, 9, 10, 11], [8, 9, 10, 11], [8, 9, 11], [9, 10, 11], [10, 11], [10, 11], [0, 1, 2, 3, 4], [0, 1, 2, 3, 4, 5], [0, 1, 2, 3, 5, 6, 7], [0, 1, 2, 3, 4, 5, 6, 7]]
}

graph r4_9_10e4 {
    0; 1; 2; 3; 4; 5; 6; 7; 8; 9; 10; 11;
    0 -- 8; 0 -- 9; 0 -- 10; 0 -- 11; 1 -- 8; 1 -- 9; 1 -- 10; 1 -- 11;
    2 -- 8; 2 -- 9; 2 -- 10; 2 -- 11; 3 -- 8; 3 -- 9; 3 -- 10; 3 -- 11;
    4 -- 8; 4 -- 9; 4 -- 10; 4 -- 11; 5 -- 9; 5 -- 10; 5 -- 11; 6 -- 10;
    6 -- 11; 7 -- 10; 7 -- 11;
    [[8, 9, 10, 11], [8, 9, 10, 11], [8, 9, 10, 11], [8, 9, 10, 11], [8, 9, 10, 11], [9, 10, 11], [10, 11], [10, 11], [0, 1, 2, 3, 4], [0, 1, 2, 3, 4, 5], [0, 1, 2, 3, 4, 5, 6, 7], [0, 1, 2, 3, 4, 5, 6, 7]]
}

graph r4_9_10e5 {
    0; 1; 2; 3; 4; 5; 6; 7; 8; 9; 10; 11;
    0 -- 8; 0 -- 9; 0 -- 10; 0 -- 11; 1 -- 8; 1 -- 9; 1 -- 10; 1 -- 11;
    2 -- 8; 2 -- 9; 2 -- 10; 2 -- 11; 3 -- 8; 3 -- 9; 3 -- 10; 3 -- 11;
    4 -- 8; 4 -- 10; 4 -- 11; 5 -- 9; 5 -- 10; 5 -- 11; 6 -- 9; 6 -- 10;
    6 -- 11; 7 -- 11;
    [[8, 9, 10, 11], [8, 9, 10, 11], [8, 9, 10, 11], [8, 9, 10, 11], [8, 10, 11], [9, 10, 11], [9, 10, 11], [11], [0, 1, 2, 3, 4], [0, 1, 2, 3, 5, 6], [0, 1, 2, 3, 4, 5, 6], [0, 1, 2, 3, 4, 5, 6, 7]]
}

graph r4_9_10e6 {
    0; 1; 2; 3; 4; 5; 6; 7; 8; 9; 10; 11;
    0 -- 8; 0 -- 9; 0 -- 10; 0 -- 11; 1 -- 8; 1 -- 9; 1 -- 10; 1 -- 11;
    2 -- 8; 2 -- 9; 2 -- 10; 2 -- 11; 3 -- 8; 3 -- 9; 3 -- 10; 3 -- 11;
    4 -- 8; 4 -- 10; 4 -- 11; 5 -- 9; 5 -- 10; 5 -- 11; 6 -- 9; 6 -- 11;
    7 -- 10; 7 -- 11;
    [[8, 9, 10, 11], [8, 9, 10, 11], [8, 9, 10, 11], [8, 9, 10, 11], [8, 10, 11], [9, 10, 11], [9, 11], [10, 11], [0, 1, 2, 3, 4], [0, 1, 2, 3, 5, 6], [0, 1, 2, 3, 4, 5, 7], [0, 1, 2, 3, 4, 5, 6, 7]]
}

graph r4_9_10e7 {
    0; 1; 2; 3; 4; 5; 6; 7; 8; 9; 10; 11;
    0 -- 8; 0 -- 9; 0 -- 10; 0 -- 11; 1 -- 8; 1 -- 9; 1 -- 10; 1 -- 11;
    2 -- 8; 2 -- 9; 2 -- 10; 2 -- 11; 3 -- 8; 3 -- 9; 3 -- 10; 3 -- 11;
    4 -- 8; 4 -- 11; 5 -- 9; 5 -- 10; 5 -- 11; 6 -- 9; 6 -- 10; 6 -- 11;
    7 -- 10; 7 -- 11;
    [[8, 9, 10, 11], [8, 9, 10, 11], [8, 9, 10, 11], [8, 9, 10, 11], [8, 11], [9, 10, 11], [9, 10, 11], [10, 11], [0, 1, 2, 3, 4], [0, 1, 2, 3, 5, 6], [0, 1, 2, 3, 5, 6, 7], [0, 1, 2, 3, 4, 5, 6, 7]]
}

graph r4_9_10e8 {
    0; 1; 2; 3; 4; 5; 6; 7; 8; 9; 10; 11;
    0 -- 8; 0 -- 9; 0 -- 10; 0 -- 11; 1 -- 8; 1 -- 9; 1 -- 10; 1 -- 11;
    2 -- 8; 2 -- 9; 2 -- 10; 2 -- 11; 3 -- 8; 3 -- 9; 3 -- 11; 4 -- 8;
    4 -- 10; 4 -- 11; 5 -- 9; 5 -- 10; 5 -- 11; 6 -- 9; 6 -- 10;
    6 -- 11; 7 -- 10; 7 -- 11;
    [[8, 9, 10, 11], [8, 9, 10, 11], [8, 9, 10, 11], [8, 9, 11], [8, 10, 11], [9, 10, 11], [9, 10, 11], [10, 11], [0, 1, 2, 3, 4], [0, 1, 2, 3, 5, 6], [0, 1, 2, 4, 5, 6, 7], [0, 1, 2, 3, 4, 5, 6, 7]]
}

graph r4_9_10e9 {
    0; 1; 2; 3; 4; 5; 6; 7; 8; 9; 10; 11;
    0 -- 8; 0 -- 9; 0 -- 10; 0 -- 11; 1 -- 8; 1 -- 9; 1 -- 10; 1 -- 11;
    2 -- 8; 2 -- 9; 2 -- 10; 2 -- 11; 3 -- 8; 3 -- 9; 3 -- 10; 3 -- 11;
    4 -- 8; 4 -- 10; 4 -- 11; 5 -- 9; 5 -- 10; 5 -- 11; 6 -- 9; 6 -- 10;
    6 -- 11; 7 -- 10; 7 -- 11;
    [[8, 9, 10, 11], [8, 9, 10, 11], [8, 9, 10, 11], [8, 9, 10, 11], [8, 10, 11], [9, 10, 11], [9, 10, 11], [10, 11], [0, 1, 2, 3, 4], [0, 1, 2, 3, 5, 6], [0, 1, 2, 3, 4, 5, 6, 7], [0, 1, 2, 3, 4, 5, 6, 7]]
}

graph r4_9_10e10 {
    0; 1; 2; 3; 4; 5; 6; 7; 8; 9; 10; 11;
    0 -- 8; 0 -- 9; 0 -- 10; 0 -- 11; 1 -- 8; 1 -- 9; 1 -- 10; 1 -- 11;
    2 -- 8; 2 -- 9; 2 -- 10; 2 -- 11; 3 -- 8; 3 -- 10; 3 -- 11; 4 -- 8;
    4 -- 10; 4 -- 11; 5 -- 9; 5 -- 10; 5 -- 11; 6 -- 9; 6 -- 10;
    6 -- 11; 7 -- 9; 7 -- 11;
    [[8, 9, 10, 11], [8, 9, 10, 11], [8, 9, 10, 11], [8, 10, 11], [8, 10, 11], [9, 10, 11], [9, 10, 11], [9, 11], [0, 1, 2, 3, 4], [0, 1, 2, 5, 6, 7], [0, 1, 2, 3, 4, 5, 6], [0, 1, 2, 3, 4, 5, 6, 7]]
}

graph r4_9_10e11 {
    0; 1; 2; 3; 4; 5; 6; 7; 8; 9; 10; 11;
    0 -- 8; 0 -- 9; 0 -- 10; 0 -- 11; 1 -- 8; 1 -- 9; 1 -- 10; 1 -- 11;
    2 -- 8; 2 -- 9; 2 -- 10; 2 -- 11; 3 -- 8; 3 -- 10; 3 -- 11; 4 -- 8;
    4 -- 11; 5 -- 9; 5 -- 10; 5 -- 11; 6 -- 9; 6 -- 10; 6 -- 11; 7 -- 9;
    7 -- 10; 7 -- 11;
    [[8, 9, 10, 11], [8, 9, 10, 11], [8, 9, 10, 11], [8, 10, 11], [8, 11], [9, 10, 11], [9, 10, 11], [9, 10, 11], [0, 1, 2, 3, 4], [0, 1, 2, 5, 6, 7], [0, 1, 2, 3, 5, 6, 7], [0, 1, 2, 3, 4, 5, 6, 7]]
}

graph r4_9_10e12 {
    0; 1; 2; 3; 4; 5; 6; 7; 8; 9; 10; 11;
    0 -- 8; 0 -- 9; 0 -- 10; 0 -- 11; 1 -- 8; 1 -- 9; 1 -- 10; 1 -- 11;
    2 -- 8; 2 -- 9; 2 -- 11; 3 -- 8; 3 -- 10; 3 -- 11; 4 -- 8; 4 -- 10;
    4 -- 11; 5 -- 9; 5 -- 10; 5 -- 11; 6 -- 9; 6 -- 10; 6 -- 11; 7 -- 9;
    7 -- 10; 7 -- 11;
    [[8, 9, 10, 11], [8, 9, 10, 11], [8, 9, 11], [8, 10, 11], [8, 10, 11], [9, 10, 11], [9, 10, 11], [9, 10, 11], [0, 1, 2, 3, 4], [0, 1, 2, 5, 6, 7], [0, 1, 3, 4, 5, 6, 7], [0, 1, 2, 3, 4, 5, 6, 7]]
}

graph r4_9_10e13 {
    0; 1; 2; 3; 4; 5; 6; 7; 8; 9; 10; 11;
    0 -- 8; 0 -- 9; 0 -- 10; 0 -- 11; 1 -- 8; 1 -- 9; 1 -- 10; 1 -- 11;
    2 -- 8; 2 -- 9; 2 -- 10; 2 -- 11; 3 -- 8; 3 -- 10; 3 -- 11; 4 -- 8;
    4 -- 10; 4 -- 11; 5 -- 9; 5 -- 10; 5 -- 11; 6 -- 9; 6 -- 10;
    6 -- 11; 7 -- 9; 7 -- 10; 7 -- 11;
    [[8, 9, 10, 11], [8, 9, 10, 11], [8, 9, 10, 11], [8, 10, 11], [8, 10, 11], [9, 10, 11], [9, 10, 11], [9, 10, 11], [0, 1, 2, 3, 4], [0, 1, 2, 5, 6, 7], [0, 1, 2, 3, 4, 5, 6, 7], [0, 1, 2, 3, 4, 5, 6, 7]]
}

graph r4_9_10e14 {
    0; 1; 2; 3; 4; 5; 6; 7; 8; 9; 10; 11;
    0 -- 8; 0 -- 9; 0 -- 10; 0 -- 11; 1 -- 8; 1 -- 9; 1 -- 10; 1 -- 11;
    2 -- 8; 2 -- 9; 2 -- 10; 2 -- 11; 3 -- 8; 3 -- 9; 3 -- 10; 3 -- 11;
    4 -- 8; 4 -- 9; 4 -- 10; 4 -- 11; 5 -- 9; 5 -- 10; 5 -- 11; 6 -- 9;
    6 -- 10; 6 -- 11; 7 -- 11;
    [[8, 9, 10, 11], [8, 9, 10, 11], [8, 9, 10, 11], [8, 9, 10, 11], [8, 9, 10, 11], [9, 10, 11], [9, 10, 11], [11], [0, 1, 2, 3, 4], [0, 1, 2, 3, 4, 5, 6], [0, 1, 2, 3, 4, 5, 6], [0, 1, 2, 3, 4, 5, 6, 7]]
}

graph r4_9_10e15 {
    0; 1; 2; 3; 4; 5; 6; 7; 8; 9; 10; 11;
    0 -- 8; 0 -- 9; 0 -- 10; 0 -- 11; 1 -- 8; 1 -- 9; 1 -- 10; 1 -- 11;
    2 -- 8; 2 -- 9; 2 -- 10; 2 -- 11; 3 -- 8; 3 -- 9; 3 -- 10; 3 -- 11;
    4 -- 8; 4 -- 9; 4 -- 10; 4 -- 11; 5 -- 9; 5 -- 10; 5 -- 11; 6 -- 9;
    6 -- 11; 7 -- 10; 7 -- 11;
    [[8, 9, 10, 11], [8, 9, 10, 11], [8, 9, 10, 11], [8, 9, 10, 11], [8, 9, 10, 11], [9, 10, 11], [9, 11], [10, 11], [0, 1, 2, 3, 4], [0, 1, 2, 3, 4, 5, 6], [0, 1, 2, 3, 4, 5, 7], [0, 1, 2, 3, 4, 5, 6, 7]]
}

graph r4_9_10e16 {
    0; 1; 2; 3; 4; 5; 6; 7; 8; 9; 10; 11;
    0 -- 8; 0 -- 9; 0 -- 10; 0 -- 11; 1 -- 8; 1 -- 9; 1 -- 10; 1 -- 11;
    2 -- 8; 2 -- 9; 2 -- 10; 2 -- 11; 3 -- 8; 3 -- 9; 3 -- 10; 3 -- 11;
    4 -- 8; 4 -- 9; 4 -- 11; 5 -- 9; 5 -- 10; 5 -- 11; 6 -- 9; 6 -- 10;
    6 -- 11; 7 -- 10; 7 -- 11;
    [[8, 9, 10, 11], [8, 9, 10, 11], [8, 9, 10, 11], [8, 9, 10, 11], [8, 9, 11], [9, 10, 11], [9, 10, 11], [10, 11], [0, 1, 2, 3, 4], [0, 1, 2, 3, 4, 5, 6], [0, 1, 2, 3, 5, 6, 7], [0, 1, 2, 3, 4, 5, 6, 7]]
}

graph r4_9_10e17 {
    0; 1; 2; 3; 4; 5; 6; 7; 8; 9; 10; 11;
    0 -- 8; 0 -- 9; 0 -- 10; 0 -- 11; 1 -- 8; 1 -- 9; 1 -- 10; 1 -- 11;
    2 -- 8; 2 -- 9; 2 -- 10; 2 -- 11; 3 -- 8; 3 -- 9; 3 -- 10; 3 -- 11;
    4 -- 8; 4 -- 9; 4 -- 10; 4 -- 11; 5 -- 9; 5 -- 10; 5 -- 11; 6 -- 9;
    6 -- 10; 6 -- 11; 7 -- 10; 7 -- 11;
    [[8, 9, 10, 11], [8, 9, 10, 11], [8, 9, 10, 11], [8, 9, 10, 11], [8, 9, 10, 11], [9, 10, 11], [9, 10, 11], [10, 11], [0, 1, 2, 3, 4], [0, 1, 2, 3, 4, 5, 6], [0, 1, 2, 3, 4, 5, 6, 7], [0, 1, 2, 3, 4, 5, 6, 7]]
}

graph r4_9_10e18 {
    0; 1; 2; 3; 4; 5; 6; 7; 8; 9; 10; 11;
    0 -- 8; 0 -- 9; 0 -- 10; 0 -- 11; 1 -- 8; 1 -- 9; 1 -- 10; 1 -- 11;
    2 -- 8; 2 -- 9; 2 -- 10; 2 -- 11; 3 -- 8; 3 -- 9; 3 -- 10; 3 -- 11;
    4 -- 8; 4 -- 11; 5 -- 9; 5 -- 10; 5 -- 11; 6 -- 9; 6 -- 10; 6 -- 11;
    7 -- 9; 7 -- 10; 7 -- 11;
    [[8, 9, 10, 11], [8, 9, 10, 11], [8, 9, 10, 11], [8, 9, 10, 11], [8, 11], [9, 10, 11], [9, 10, 11], [9, 10, 11], [0, 1, 2, 3, 4], [0, 1, 2, 3, 5, 6, 7], [0, 1, 2, 3, 5, 6, 7], [0, 1, 2, 3, 4, 5, 6, 7]]
}

graph r4_9_10e19 {
    0; 1; 2; 3; 4; 5; 6; 7; 8; 9; 10; 11;
    0 -- 8; 0 -- 9; 0 -- 10; 0 -- 11; 1 -- 8; 1 -- 9; 1 -- 10; 1 -- 11;
    2 -- 8; 2 -- 9; 2 -- 10; 2 -- 11; 3 -- 8; 3 -- 9; 3 -- 11; 4 -- 8;
    4 -- 10; 4 -- 11; 5 -- 9; 5 -- 10; 5 -- 11; 6 -- 9; 6 -- 10;
    6 -- 11; 7 -- 9; 7 -- 10; 7 -- 11;
    [[8, 9, 10, 11], [8, 9, 10, 11], [8, 9, 10, 11], [8, 9, 11], [8, 10, 11], [9, 10, 11], [9, 10, 11], [9, 10, 11], [0, 1, 2, 3, 4], [0, 1, 2, 3, 5, 6, 7], [0, 1, 2, 4, 5, 6, 7], [0, 1, 2, 3, 4, 5, 6, 7]]
}

graph r4_9_10e20 {
    0; 1; 2; 3; 4; 5; 6; 7; 8; 9; 10; 11;
    0 -- 8; 0 -- 9; 0 -- 10; 0 -- 11; 1 -- 8; 1 -- 9; 1 -- 10; 1 -- 11;
    2 -- 8; 2 -- 9; 2 -- 10; 2 -- 11; 3 -- 8; 3 -- 9; 3 -- 10; 3 -- 11;
    4 -- 8; 4 -- 10; 4 -- 11; 5 -- 9; 5 -- 10; 5 -- 11; 6 -- 9; 6 -- 10;
    6 -- 11; 7 -- 9; 7 -- 10; 7 -- 11;
    [[8, 9, 10, 11], [8, 9, 10, 11], [8, 9, 10, 11], [8, 9, 10, 11], [8, 10, 11], [9, 10, 11], [9, 10, 11], [9, 10, 11], [0, 1, 2, 3, 4], [0, 1, 2, 3, 5, 6, 7], [0, 1, 2, 3, 4, 5, 6, 7], [0, 1, 2, 3, 4, 5, 6, 7]]
}

graph r4_9_10e21 {
    0; 1; 2; 3; 4; 5; 6; 7; 8; 9; 10; 11;
    0 -- 8; 0 -- 9; 0 -- 10; 0 -- 11; 1 -- 8; 1 -- 9; 1 -- 10; 1 -- 11;
    2 -- 8; 2 -- 9; 2 -- 10; 2 -- 11; 3 -- 8; 3 -- 9; 3 -- 10; 3 -- 11;
    4 -- 8; 4 -- 9; 4 -- 10; 4 -- 11; 5 -- 9; 5 -- 10; 5 -- 11; 6 -- 9;
    6 -- 10; 6 -- 11; 7 -- 9; 7 -- 10; 7 -- 11;
    [[8, 9, 10, 11], [8, 9, 10, 11], [8, 9, 10, 11], [8, 9, 10, 11], [8, 9, 10, 11], [9, 10, 11], [9, 10, 11], [9, 10, 11], [0, 1, 2, 3, 4], [0, 1, 2, 3, 4, 5, 6, 7], [0, 1, 2, 3, 4, 5, 6, 7], [0, 1, 2, 3, 4, 5, 6, 7]]
}

graph r4_9_10e22 {
    0; 1; 2; 3; 4; 5; 6; 7; 8; 9; 10; 11;
    0 -- 8; 0 -- 9; 0 -- 10; 0 -- 11; 1 -- 8; 1 -- 9; 1 -- 10; 1 -- 11;
    2 -- 8; 2 -- 9; 2 -- 10; 2 -- 11; 3 -- 8; 3 -- 9; 3 -- 10; 3 -- 11;
    4 -- 8; 4 -- 9; 4 -- 10; 4 -- 11; 5 -- 8; 5 -- 9; 5 -- 10; 5 -- 11;
    6 -- 10; 6 -- 11; 7 -- 11;
    [[8, 9, 10, 11], [8, 9, 10, 11], [8, 9, 10, 11], [8, 9, 10, 11], [8, 9, 10, 11], [8, 9, 10, 11], [10, 11], [11], [0, 1, 2, 3, 4, 5], [0, 1, 2, 3, 4, 5], [0, 1, 2, 3, 4, 5, 6], [0, 1, 2, 3, 4, 5, 6, 7]]
}

graph r4_9_10e23 {
    0; 1; 2; 3; 4; 5; 6; 7; 8; 9; 10; 11;
    0 -- 8; 0 -- 9; 0 -- 10; 0 -- 11; 1 -- 8; 1 -- 9; 1 -- 10; 1 -- 11;
    2 -- 8; 2 -- 9; 2 -- 10; 2 -- 11; 3 -- 8; 3 -- 9; 3 -- 10; 3 -- 11;
    4 -- 8; 4 -- 9; 4 -- 10; 4 -- 11; 5 -- 8; 5 -- 9; 5 -- 11; 6 -- 10;
    6 -- 11; 7 -- 10; 7 -- 11;
    [[8, 9, 10, 11], [8, 9, 10, 11], [8, 9, 10, 11], [8, 9, 10, 11], [8, 9, 10, 11], [8, 9, 11], [10, 11], [10, 11], [0, 1, 2, 3, 4, 5], [0, 1, 2, 3, 4, 5], [0, 1, 2, 3, 4, 6, 7], [0, 1, 2, 3, 4, 5, 6, 7]]
}

graph r4_9_10e24 {
    0; 1; 2; 3; 4; 5; 6; 7; 8; 9; 10; 11;
    0 -- 8; 0 -- 9; 0 -- 10; 0 -- 11; 1 -- 8; 1 -- 9; 1 -- 10; 1 -- 11;
    2 -- 8; 2 -- 9; 2 -- 10; 2 -- 11; 3 -- 8; 3 -- 9; 3 -- 10; 3 -- 11;
    4 -- 8; 4 -- 9; 4 -- 10; 4 -- 11; 5 -- 8; 5 -- 9; 5 -- 10; 5 -- 11;
    6 -- 10; 6 -- 11; 7 -- 10; 7 -- 11;
    [[8, 9, 10, 11], [8, 9, 10, 11], [8, 9, 10, 11], [8, 9, 10, 11], [8, 9, 10, 11], [8, 9, 10, 11], [10, 11], [10, 11], [0, 1, 2, 3, 4, 5], [0, 1, 2, 3, 4, 5], [0, 1, 2, 3, 4, 5, 6, 7], [0, 1, 2, 3, 4, 5, 6, 7]]
}

graph r4_9_10e25 {
    0; 1; 2; 3; 4; 5; 6; 7; 8; 9; 10; 11;
    0 -- 8; 0 -- 9; 0 -- 10; 0 -- 11; 1 -- 8; 1 -- 9; 1 -- 10; 1 -- 11;
    2 -- 8; 2 -- 9; 2 -- 10; 2 -- 11; 3 -- 8; 3 -- 9; 3 -- 10; 3 -- 11;
    4 -- 8; 4 -- 9; 4 -- 10; 4 -- 11; 5 -- 8; 5 -- 10; 5 -- 11; 6 -- 9;
    6 -- 10; 6 -- 11; 7 -- 11;
    [[8, 9, 10, 11], [8, 9, 10, 11], [8, 9, 10, 11], [8, 9, 10, 11], [8, 9, 10, 11], [8, 10, 11], [9, 10, 11], [11], [0, 1, 2, 3, 4, 5], [0, 1, 2, 3, 4, 6], [0, 1, 2, 3, 4, 5, 6], [0, 1, 2, 3, 4, 5, 6, 7]]
}

graph r4_9_10e26 {
    0; 1; 2; 3; 4; 5; 6; 7; 8; 9; 10; 11;
    0 -- 8; 0 -- 9; 0 -- 10; 0 -- 11; 1 -- 8; 1 -- 9; 1 -- 10; 1 -- 11;
    2 -- 8; 2 -- 9; 2 -- 10; 2 -- 11; 3 -- 8; 3 -- 9; 3 -- 10; 3 -- 11;
    4 -- 8; 4 -- 9; 4 -- 10; 4 -- 11; 5 -- 8; 5 -- 10; 5 -- 11; 6 -- 9;
    6 -- 11; 7 -- 10; 7 -- 11;
    [[8, 9, 10, 11], [8, 9, 10, 11], [8, 9, 10, 11], [8, 9, 10, 11], [8, 9, 10, 11], [8, 10, 11], [9, 11], [10, 11], [0, 1, 2, 3, 4, 5], [0, 1, 2, 3, 4, 6], [0, 1, 2, 3, 4, 5, 7], [0, 1, 2, 3, 4, 5, 6, 7]]
}

graph r4_9_10e27 {
    0; 1; 2; 3; 4; 5; 6; 7; 8; 9; 10; 11;
    0 -- 8; 0 -- 9; 0 -- 10; 0 -- 11; 1 -- 8; 1 -- 9; 1 -- 10; 1 -- 11;
    2 -- 8; 2 -- 9; 2 -- 10; 2 -- 11; 3 -- 8; 3 -- 9; 3 -- 10; 3 -- 11;
    4 -- 8; 4 -- 9; 4 -- 11; 5 -- 8; 5 -- 10; 5 -- 11; 6 -- 9; 6 -- 10;
    6 -- 11; 7 -- 10; 7 -- 11;
    [[8, 9, 10, 11], [8, 9, 10, 11], [8, 9, 10, 11], [8, 9, 10, 11], [8, 9, 11], [8, 10, 11], [9, 10, 11], [10, 11], [0, 1, 2, 3, 4, 5], [0, 1, 2, 3, 4, 6], [0, 1, 2, 3, 5, 6, 7], [0, 1, 2, 3, 4, 5, 6, 7]]
}

graph r4_9_10e28 {
    0; 1; 2; 3; 4; 5; 6; 7; 8; 9; 10; 11;
    0 -- 8; 0 -- 9; 0 -- 10; 0 -- 11; 1 -- 8; 1 -- 9; 1 -- 10; 1 -- 11;
    2 -- 8; 2 -- 9; 2 -- 10; 2 -- 11; 3 -- 8; 3 -- 9; 3 -- 10; 3 -- 11;
    4 -- 8; 4 -- 9; 4 -- 10; 4 -- 11; 5 -- 8; 5 -- 10; 5 -- 11; 6 -- 9;
    6 -- 10; 6 -- 11; 7 -- 10; 7 -- 11;
    [[8, 9, 10, 11], [8, 9, 10, 11], [8, 9, 10, 11], [8, 9, 10, 11], [8, 9, 10, 11], [8, 10, 11], [9, 10, 11], [10, 11], [0, 1, 2, 3, 4, 5], [0, 1, 2, 3, 4, 6], [0, 1, 2, 3, 4, 5, 6, 7], [0, 1, 2, 3, 4, 5, 6, 7]]
}

graph r4_9_10e29 {
    0; 1; 2; 3; 4; 5; 6; 7; 8; 9; 10; 11;
    0 -- 8; 0 -- 9; 0 -- 10; 0 -- 11; 1 -- 8; 1 -- 9; 1 -- 10; 1 -- 11;
    2 -- 8; 2 -- 9; 2 -- 10; 2 -- 11; 3 -- 8; 3 -- 9; 3 -- 10; 3 -- 11;
    4 -- 8; 4 -- 10; 4 -- 11; 5 -- 8; 5 -- 10; 5 -- 11; 6 -- 9; 6 -- 10;
    6 -- 11; 7 -- 9; 7 -- 11;
    [[8, 9, 10, 11], [8, 9, 10, 11], [8, 9, 10, 11], [8, 9, 10, 11], [8, 10, 11], [8, 10, 11], [9, 10, 11], [9, 11], [0, 1, 2, 3, 4, 5], [0, 1, 2, 3, 6, 7], [0, 1, 2, 3, 4, 5, 6], [0, 1, 2, 3, 4, 5, 6, 7]]
}

graph r4_9_10e30 {
    0; 1; 2; 3; 4; 5; 6; 7; 8; 9; 10; 11;
    0 -- 8; 0 -- 9; 0 -- 10; 0 -- 11; 1 -- 8; 1 -- 9; 1 -- 10; 1 -- 11;
    2 -- 8; 2 -- 9; 2 -- 10; 2 -- 11; 3 -- 8; 3 -- 9; 3 -- 11; 4 -- 8;
    4 -- 10; 4 -- 11; 5 -- 8; 5 -- 10; 5 -- 11; 6 -- 9; 6 -- 10;
    6 -- 11; 7 -- 9; 7 -- 10; 7 -- 11;
    [[8, 9, 10, 11], [8, 9, 10, 11], [8, 9, 10, 11], [8, 9, 11], [8, 10, 11], [8, 10, 11], [9, 10, 11], [9, 10, 11], [0, 1, 2, 3, 4, 5], [0, 1, 2, 3, 6, 7], [0, 1, 2, 4, 5, 6, 7], [0, 1, 2, 3, 4, 5, 6, 7]]
}

graph r4_9_10e31 {
    0; 1; 2; 3; 4; 5; 6; 7; 8; 9; 10; 11;
    0 -- 8; 0 -- 9; 0 -- 10; 0 -- 11; 1 -- 8; 1 -- 9; 1 -- 10; 1 -- 11;
    2 -- 8; 2 -- 9; 2 -- 10; 2 -- 11; 3 -- 8; 3 -- 9; 3 -- 10; 3 -- 11;
    4 -- 8; 4 -- 10; 4 -- 11; 5 -- 8; 5 -- 10; 5 -- 11; 6 -- 9; 6 -- 10;
    6 -- 11; 7 -- 9; 7 -- 10; 7 -- 11;
    [[8, 9, 10, 11], [8, 9, 10, 11], [8, 9, 10, 11], [8, 9, 10, 11], [8, 10, 11], [8, 10, 11], [9, 10, 11], [9, 10, 11], [0, 1, 2, 3, 4, 5], [0, 1, 2, 3, 6, 7], [0, 1, 2, 3, 4, 5, 6, 7], [0, 1, 2, 3, 4, 5, 6, 7]]
}

graph r4_9_10e32 {
    0; 1; 2; 3; 4; 5; 6; 7; 8; 9; 10; 11;
    0 -- 8; 0 -- 9; 0 -- 10; 0 -- 11; 1 -- 8; 1 -- 9; 1 -- 10; 1 -- 11;
    2 -- 8; 2 -- 9; 2 -- 10; 2 -- 11; 3 -- 8; 3 -- 9; 3 -- 10; 3 -- 11;
    4 -- 8; 4 -- 9; 4 -- 10; 4 -- 11; 5 -- 8; 5 -- 9; 5 -- 10; 5 -- 11;
    6 -- 9; 6 -- 10; 6 -- 11; 7 -- 11;
    [[8, 9, 10, 11], [8, 9, 10, 11], [8, 9, 10, 11], [8, 9, 10, 11], [8, 9, 10, 11], [8, 9, 10, 11], [9, 10, 11], [11], [0, 1, 2, 3, 4, 5], [0, 1, 2, 3, 4, 5, 6], [0, 1, 2, 3, 4, 5, 6], [0, 1, 2, 3, 4, 5, 6, 7]]
}

graph r4_9_10e33 {
    0; 1; 2; 3; 4; 5; 6; 7; 8; 9; 10; 11;
    0 -- 8; 0 -- 9; 0 -- 10; 0 -- 11; 1 -- 8; 1 -- 9; 1 -- 10; 1 -- 11;
    2 -- 8; 2 -- 9; 2 -- 10; 2 -- 11; 3 -- 8; 3 -- 9; 3 -- 10; 3 -- 11;
    4 -- 8; 4 -- 9; 4 -- 10; 4 -- 11; 5 -- 8; 5 -- 9; 5 -- 10; 5 -- 11;
    6 -- 9; 6 -- 11; 7 -- 10; 7 -- 11;
    [[8, 9, 10, 11], [8, 9, 10, 11], [8, 9, 10, 11], [8, 9, 10, 11], [8, 9, 10, 11], [8, 9, 10, 11], [9, 11], [10, 11], [0, 1, 2, 3, 4, 5], [0, 1, 2, 3, 4, 5, 6], [0, 1, 2, 3, 4, 5, 7], [0, 1, 2, 3, 4, 5, 6, 7]]
}

graph r4_9_10e34 {
    0; 1; 2; 3; 4; 5; 6; 7; 8; 9; 10; 11;
    0 -- 8; 0 -- 9; 0 -- 10; 0 -- 11; 1 -- 8; 1 -- 9; 1 -- 10; 1 -- 11;
    2 -- 8; 2 -- 9; 2 -- 10; 2 -- 11; 3 -- 8; 3 -- 9; 3 -- 10; 3 -- 11;
    4 -- 8; 4 -- 9; 4 -- 10; 4 -- 11; 5 -- 8; 5 -- 9; 5 -- 11; 6 -- 9;
    6 -- 10; 6 -- 11; 7 -- 10; 7 -- 11;
    [[8, 9, 10, 11], [8, 9, 10, 11], [8, 9, 10, 11], [8, 9, 10, 11], [8, 9, 10, 11], [8, 9, 11], [9, 10, 11], [10, 11], [0, 1, 2, 3, 4, 5], [0, 1, 2, 3, 4, 5, 6], [0, 1, 2, 3, 4, 6, 7], [0, 1, 2, 3, 4, 5, 6, 7]]
}

graph r4_9_10e35 {
    0; 1; 2; 3; 4; 5; 6; 7; 8; 9; 10; 11;
    0 -- 8; 0 -- 9; 0 -- 10; 0 -- 11; 1 -- 8; 1 -- 9; 1 -- 10; 1 -- 11;
    2 -- 8; 2 -- 9; 2 -- 10; 2 -- 11; 3 -- 8; 3 -- 9; 3 -- 10; 3 -- 11;
    4 -- 8; 4 -- 9; 4 -- 10; 4 -- 11; 5 -- 8; 5 -- 9; 5 -- 10; 5 -- 11;
    6 -- 9; 6 -- 10; 6 -- 11; 7 -- 10; 7 -- 11;
    [[8, 9, 10, 11], [8, 9, 10, 11], [8, 9, 10, 11], [8, 9, 10, 11], [8, 9, 10, 11], [8, 9, 10, 11], [9, 10, 11], [10, 11], [0, 1, 2, 3, 4, 5], [0, 1, 2, 3, 4, 5, 6], [0, 1, 2, 3, 4, 5, 6, 7], [0, 1, 2, 3, 4, 5, 6, 7]]
}

graph r4_9_10e36 {
    0; 1; 2; 3; 4; 5; 6; 7; 8; 9; 10; 11;
    0 -- 8; 0 -- 9; 0 -- 10; 0 -- 11; 1 -- 8; 1 -- 9; 1 -- 10; 1 -- 11;
    2 -- 8; 2 -- 9; 2 -- 10; 2 -- 11; 3 -- 8; 3 -- 9; 3 -- 10; 3 -- 11;
    4 -- 8; 4 -- 9; 4 -- 10; 4 -- 11; 5 -- 8; 5 -- 11; 6 -- 9; 6 -- 10;
    6 -- 11; 7 -- 9; 7 -- 10; 7 -- 11;
    [[8, 9, 10, 11], [8, 9, 10, 11], [8, 9, 10, 11], [8, 9, 10, 11], [8, 9, 10, 11], [8, 11], [9, 10, 11], [9, 10, 11], [0, 1, 2, 3, 4, 5], [0, 1, 2, 3, 4, 6, 7], [0, 1, 2, 3, 4, 6, 7], [0, 1, 2, 3, 4, 5, 6, 7]]
}

graph r4_9_10e37 {
    0; 1; 2; 3; 4; 5; 6; 7; 8; 9; 10; 11;
    0 -- 8; 0 -- 9; 0 -- 10; 0 -- 11; 1 -- 8; 1 -- 9; 1 -- 10; 1 -- 11;
    2 -- 8; 2 -- 9; 2 -- 10; 2 -- 11; 3 -- 8; 3 -- 9; 3 -- 10; 3 -- 11;
    4 -- 8; 4 -- 9; 4 -- 11; 5 -- 8; 5 -- 10; 5 -- 11; 6 -- 9; 6 -- 10;
    6 -- 11; 7 -- 9; 7 -- 10; 7 -- 11;
    [[8, 9, 10, 11], [8, 9, 10, 11], [8, 9, 10, 11], [8, 9, 10, 11], [8, 9, 11], [8, 10, 11], [9, 10, 11], [9, 10, 11], [0, 1, 2, 3, 4, 5], [0, 1, 2, 3, 4, 6, 7], [0, 1, 2, 3, 5, 6, 7], [0, 1, 2, 3, 4, 5, 6, 7]]
}

graph r4_9_10e38 {
    0; 1; 2; 3; 4; 5; 6; 7; 8; 9; 10; 11;
    0 -- 8; 0 -- 9; 0 -- 10; 0 -- 11; 1 -- 8; 1 -- 9; 1 -- 10; 1 -- 11;
    2 -- 8; 2 -- 9; 2 -- 10; 2 -- 11; 3 -- 8; 3 -- 9; 3 -- 10; 3 -- 11;
    4 -- 8; 4 -- 9; 4 -- 10; 4 -- 11; 5 -- 8; 5 -- 10; 5 -- 11; 6 -- 9;
    6 -- 10; 6 -- 11; 7 -- 9; 7 -- 10; 7 -- 11;
    [[8, 9, 10, 11], [8, 9, 10, 11], [8, 9, 10, 11], [8, 9, 10, 11], [8, 9, 10, 11], [8, 10, 11], [9, 10, 11], [9, 10, 11], [0, 1, 2, 3, 4, 5], [0, 1, 2, 3, 4, 6, 7], [0, 1, 2, 3, 4, 5, 6, 7], [0, 1, 2, 3, 4, 5, 6, 7]]
}

graph r4_9_10e39 {
    0; 1; 2; 3; 4; 5; 6; 7; 8; 9; 10; 11;
    0 -- 8; 0 -- 9; 0 -- 10; 0 -- 11; 1 -- 8; 1 -- 9; 1 -- 10; 1 -- 11;
    2 -- 8; 2 -- 9; 2 -- 10; 2 -- 11; 3 -- 8; 3 -- 9; 3 -- 10; 3 -- 11;
    4 -- 8; 4 -- 9; 4 -- 10; 4 -- 11; 5 -- 8; 5 -- 9; 5 -- 10; 5 -- 11;
    6 -- 9; 6 -- 10; 6 -- 11; 7 -- 9; 7 -- 10; 7 -- 11;
    [[8, 9, 10, 11], [8, 9, 10, 11], [8, 9, 10, 11], [8, 9, 10, 11], [8, 9, 10, 11], [8, 9, 10, 11], [9, 10, 11], [9, 10, 11], [0, 1, 2, 3, 4, 5], [0, 1, 2, 3, 4, 5, 6, 7], [0, 1, 2, 3, 4, 5, 6, 7], [0, 1, 2, 3, 4, 5, 6, 7]]
}

graph r4_9_10e40 {
    0; 1; 2; 3; 4; 5; 6; 7; 8; 9; 10; 11;
    0 -- 8; 0 -- 9; 0 -- 10; 0 -- 11; 1 -- 8; 1 -- 9; 1 -- 10; 1 -- 11;
    2 -- 8; 2 -- 9; 2 -- 10; 2 -- 11; 3 -- 8; 3 -- 9; 3 -- 10; 3 -- 11;
    4 -- 8; 4 -- 9; 4 -- 10; 4 -- 11; 5 -- 8; 5 -- 9; 5 -- 10; 5 -- 11;
    6 -- 8; 6 -- 9; 6 -- 10; 6 -- 11; 7 -- 11;
    [[8, 9, 10, 11], [8, 9, 10, 11], [8, 9, 10, 11], [8, 9, 10, 11], [8, 9, 10, 11], [8, 9, 10, 11], [8, 9, 10, 11], [11], [0, 1, 2, 3, 4, 5, 6], [0, 1, 2, 3, 4, 5, 6], [0, 1, 2, 3, 4, 5, 6], [0, 1, 2, 3, 4, 5, 6, 7]]
}

graph r4_9_10e41 {
    0; 1; 2; 3; 4; 5; 6; 7; 8; 9; 10; 11;
    0 -- 8; 0 -- 9; 0 -- 10; 0 -- 11; 1 -- 8; 1 -- 9; 1 -- 10; 1 -- 11;
    2 -- 8; 2 -- 9; 2 -- 10; 2 -- 11; 3 -- 8; 3 -- 9; 3 -- 10; 3 -- 11;
    4 -- 8; 4 -- 9; 4 -- 10; 4 -- 11; 5 -- 8; 5 -- 9; 5 -- 10; 5 -- 11;
    6 -- 8; 6 -- 9; 6 -- 11; 7 -- 10; 7 -- 11;
    [[8, 9, 10, 11], [8, 9, 10, 11], [8, 9, 10, 11], [8, 9, 10, 11], [8, 9, 10, 11], [8, 9, 10, 11], [8, 9, 11], [10, 11], [0, 1, 2, 3, 4, 5, 6], [0, 1, 2, 3, 4, 5, 6], [0, 1, 2, 3, 4, 5, 7], [0, 1, 2, 3, 4, 5, 6, 7]]
}

graph r4_9_10e42 {
    0; 1; 2; 3; 4; 5; 6; 7; 8; 9; 10; 11;
    0 -- 8; 0 -- 9; 0 -- 10; 0 -- 11; 1 -- 8; 1 -- 9; 1 -- 10; 1 -- 11;
    2 -- 8; 2 -- 9; 2 -- 10; 2 -- 11; 3 -- 8; 3 -- 9; 3 -- 10; 3 -- 11;
    4 -- 8; 4 -- 9; 4 -- 10; 4 -- 11; 5 -- 8; 5 -- 9; 5 -- 10; 5 -- 11;
    6 -- 8; 6 -- 9; 6 -- 10; 6 -- 11; 7 -- 10; 7 -- 11;
    [[8, 9, 10, 11], [8, 9, 10, 11], [8, 9, 10, 11], [8, 9, 10, 11], [8, 9, 10, 11], [8, 9, 10, 11], [8, 9, 10, 11], [10, 11], [0, 1, 2, 3, 4, 5, 6], [0, 1, 2, 3, 4, 5, 6], [0, 1, 2, 3, 4, 5, 6, 7], [0, 1, 2, 3, 4, 5, 6, 7]]
}

graph r4_9_10e43 {
    0; 1; 2; 3; 4; 5; 6; 7; 8; 9; 10; 11;
    0 -- 8; 0 -- 9; 0 -- 10; 0 -- 11; 1 -- 8; 1 -- 9; 1 -- 10; 1 -- 11;
    2 -- 8; 2 -- 9; 2 -- 10; 2 -- 11; 3 -- 8; 3 -- 9; 3 -- 10; 3 -- 11;
    4 -- 8; 4 -- 9; 4 -- 10; 4 -- 11; 5 -- 8; 5 -- 9; 5 -- 11; 6 -- 8;
    6 -- 10; 6 -- 11; 7 -- 9; 7 -- 10; 7 -- 11;
    [[8, 9, 10, 11], [8, 9, 10, 11], [8, 9, 10, 11], [8, 9, 10, 11], [8, 9, 10, 11], [8, 9, 11], [8, 10, 11], [9, 10, 11], [0, 1, 2, 3, 4, 5, 6], [0, 1, 2, 3, 4, 5, 7], [0, 1, 2, 3, 4, 6, 7], [0, 1, 2, 3, 4, 5, 6, 7]]
}

graph r4_9_10e44 {
    0; 1; 2; 3; 4; 5; 6; 7; 8; 9; 10; 11;
    0 -- 8; 0 -- 9; 0 -- 10; 0 -- 11; 1 -- 8; 1 -- 9; 1 -- 10; 1 -- 11;
    2 -- 8; 2 -- 9; 2 -- 10; 2 -- 11; 3 -- 8; 3 -- 9; 3 -- 10; 3 -- 11;
    4 -- 8; 4 -- 9; 4 -- 10; 4 -- 11; 5 -- 8; 5 -- 9; 5 -- 10; 5 -- 11;
    6 -- 8; 6 -- 10; 6 -- 11; 7 -- 9; 7 -- 10; 7 -- 11;
    [[8, 9, 10, 11], [8, 9, 10, 11], [8, 9, 10, 11], [8, 9, 10, 11], [8, 9, 10, 11], [8, 9, 10, 11], [8, 10, 11], [9, 10, 11], [0, 1, 2, 3, 4, 5, 6], [0, 1, 2, 3, 4, 5, 7], [0, 1, 2, 3, 4, 5, 6, 7], [0, 1, 2, 3, 4, 5, 6, 7]]
}

graph r4_9_10e45 {
    0; 1; 2; 3; 4; 5; 6; 7; 8; 9; 10; 11;
    0 -- 8; 0 -- 9; 0 -- 10; 0 -- 11; 1 -- 8; 1 -- 9; 1 -- 10; 1 -- 11;
    2 -- 8; 2 -- 9; 2 -- 10; 2 -- 11; 3 -- 8; 3 -- 9; 3 -- 10; 3 -- 11;
    4 -- 8; 4 -- 9; 4 -- 10; 4 -- 11; 5 -- 8; 5 -- 9; 5 -- 10; 5 -- 11;
    6 -- 8; 6 -- 9; 6 -- 10; 6 -- 11; 7 -- 9; 7 -- 10; 7 -- 11;
    [[8, 9, 10, 11], [8, 9, 10, 11], [8, 9, 10, 11], [8, 9, 10, 11], [8, 9, 10, 11], [8, 9, 10, 11], [8, 9, 10, 11], [9, 10, 11], [0, 1, 2, 3, 4, 5, 6], [0, 1, 2, 3, 4, 5, 6, 7], [0, 1, 2, 3, 4, 5, 6, 7], [0, 1, 2, 3, 4, 5, 6, 7]]
}

graph r4_9_10e46 {
    0; 1; 2; 3; 4; 5; 6; 7; 8; 9; 10; 11;
    0 -- 8; 0 -- 9; 0 -- 10; 0 -- 11; 1 -- 8; 1 -- 9; 1 -- 10; 1 -- 11;
    2 -- 8; 2 -- 9; 2 -- 10; 2 -- 11; 3 -- 8; 3 -- 9; 3 -- 10; 3 -- 11;
    4 -- 8; 4 -- 9; 4 -- 10; 4 -- 11; 5 -- 8; 5 -- 9; 5 -- 10; 5 -- 11;
    6 -- 8; 6 -- 9; 6 -- 10; 6 -- 11; 7 -- 8; 7 -- 9; 7 -- 10; 7 -- 11;
    [[8, 9, 10, 11], [8, 9, 10, 11], [8, 9, 10, 11], [8, 9, 10, 11], [8, 9, 10, 11], [8, 9, 10, 11], [8, 9, 10, 11], [8, 9, 10, 11], [0, 1, 2, 3, 4, 5, 6, 7], [0, 1, 2, 3, 4, 5, 6, 7], [0, 1, 2, 3, 4, 5, 6, 7], [0, 1, 2, 3, 4, 5, 6, 7]]
}

graph r4_9_10e47 {
    0; 1; 2; 3; 4; 5; 6; 7; 8; 9; 10; 11;
    0 -- 7; 0 -- 8; 0 -- 9; 0 -- 10; 0 -- 11; 1 -- 7; 1 -- 8; 1 -- 9;
    1 -- 10; 1 -- 11; 2 -- 7; 2 -- 8; 2 -- 9; 2 -- 10; 2 -- 11; 3 -- 7;
    3 -- 8; 3 -- 9; 3 -- 10; 3 -- 11; 4 -- 8; 4 -- 9; 4 -- 10; 4 -- 11;
    5 -- 9; 5 -- 10; 5 -- 11; 6 -- 10; 6 -- 11;
    [[7, 8, 9, 10, 11], [7, 8, 9, 10, 11], [7, 8, 9, 10, 11], [7, 8, 9, 10, 11], [8, 9, 10, 11], [9, 10, 11], [10, 11], [0, 1, 2, 3], [0, 1, 2, 3, 4], [0, 1, 2, 3, 4, 5], [0, 1, 2, 3, 4, 5, 6], [0, 1, 2, 3, 4, 5, 6]]
}

graph r4_9_10e48 {
    0; 1; 2; 3; 4; 5; 6; 7; 8; 9; 10; 11;
    0 -- 7; 0 -- 8; 0 -- 9; 0 -- 10; 0 -- 11; 1 -- 7; 1 -- 8; 1 -- 9;
    1 -- 10; 1 -- 11; 2 -- 7; 2 -- 8; 2 -- 9; 2 -- 10; 2 -- 11; 3 -- 7;
    3 -- 8; 3 -- 9; 3 -- 10; 3 -- 11; 4 -- 8; 4 -- 10; 4 -- 11; 5 -- 9;
    5 -- 10; 5 -- 11; 6 -- 9; 6 -- 10; 6 -- 11;
    [[7, 8, 9, 10, 11], [7, 8, 9, 10, 11], [7, 8, 9, 10, 11], [7, 8, 9, 10, 11], [8, 10, 11], [9, 10, 11], [9, 10, 11], [0, 1, 2, 3], [0, 1, 2, 3, 4], [0, 1, 2, 3, 5, 6], [0, 1, 2, 3, 4, 5, 6], [0, 1, 2, 3, 4, 5, 6]]
}

graph r4_9_10e49 {
    0; 1; 2; 3; 4; 5; 6; 7; 8; 9; 10; 11;
    0 -- 7; 0 -- 8; 0 -- 9; 0 -- 10; 0 -- 11; 1 -- 7; 1 -- 8; 1 -- 9;
    1 -- 10; 1 -- 11; 2 -- 7; 2 -- 8; 2 -- 9; 2 -- 10; 2 -- 11; 3 -- 7;
    3 -- 8; 3 -- 9; 3 -- 10; 3 -- 11; 4 -- 8; 4 -- 9; 4 -- 10; 4 -- 11;
    5 -- 9; 5 -- 10; 5 -- 11; 6 -- 9; 6 -- 10; 6 -- 11;
    [[7, 8, 9, 10, 11], [7, 8, 9, 10, 11], [7, 8, 9, 10, 11], [7, 8, 9, 10, 11], [8, 9, 10, 11], [9, 10, 11], [9, 10, 11], [0, 1, 2, 3], [0, 1, 2, 3, 4], [0, 1, 2, 3, 4, 5, 6], [0, 1, 2, 3, 4, 5, 6], [0, 1, 2, 3, 4, 5, 6]]
}

graph r4_9_10e50 {
    0; 1; 2; 3; 4; 5; 6; 7; 8; 9; 10; 11;
    0 -- 7; 0 -- 8; 0 -- 9; 0 -- 10; 0 -- 11; 1 -- 7; 1 -- 8; 1 -- 9;
    1 -- 10; 1 -- 11; 2 -- 7; 2 -- 8; 2 -- 9; 2 -- 10; 2 -- 11; 3 -- 7;
    3 -- 8; 3 -- 9; 3 -- 10; 3 -- 11; 4 -- 8; 4 -- 9; 4 -- 10; 4 -- 11;
    5 -- 8; 5 -- 9; 5 -- 10; 5 -- 11; 6 -- 10; 6 -- 11;
    [[7, 8, 9, 10, 11], [7, 8, 9, 10, 11], [7, 8, 9, 10, 11], [7, 8, 9, 10, 11], [8, 9, 10, 11], [8, 9, 10, 11], [10, 11], [0, 1, 2, 3], [0, 1, 2, 3, 4, 5], [0, 1, 2, 3, 4, 5], [0, 1, 2, 3, 4, 5, 6], [0, 1, 2, 3, 4, 5, 6]]
}

graph r4_9_10e51 {
    0; 1; 2; 3; 4; 5; 6; 7; 8; 9; 10; 11;
    0 -- 7; 0 -- 8; 0 -- 9; 0 -- 10; 0 -- 11; 1 -- 7; 1 -- 8; 1 -- 9;
    1 -- 10; 1 -- 11; 2 -- 7; 2 -- 8; 2 -- 9; 2 -- 10; 2 -- 11; 3 -- 7;
    3 -- 8; 3 -- 9; 3 -- 10; 3 -- 11; 4 -- 8; 4 -- 9; 4 -- 10; 4 -- 11;
    5 -- 8; 5 -- 10; 5 -- 11; 6 -- 9; 6 -- 10; 6 -- 11;
    [[7, 8, 9, 10, 11], [7, 8, 9, 10, 11], [7, 8, 9, 10, 11], [7, 8, 9, 10, 11], [8, 9, 10, 11], [8, 10, 11], [9, 10, 11], [0, 1, 2, 3], [0, 1, 2, 3, 4, 5], [0, 1, 2, 3, 4, 6], [0, 1, 2, 3, 4, 5, 6], [0, 1, 2, 3, 4, 5, 6]]
}

graph r4_9_10e52 {
    0; 1; 2; 3; 4; 5; 6; 7; 8; 9; 10; 11;
    0 -- 7; 0 -- 8; 0 -- 9; 0 -- 10; 0 -- 11; 1 -- 7; 1 -- 8; 1 -- 9;
    1 -- 10; 1 -- 11; 2 -- 7; 2 -- 8; 2 -- 9; 2 -- 10; 2 -- 11; 3 -- 7;
    3 -- 8; 3 -- 9; 3 -- 10; 3 -- 11; 4 -- 8; 4 -- 9; 4 -- 10; 4 -- 11;
    5 -- 8; 5 -- 9; 5 -- 10; 5 -- 11; 6 -- 9; 6 -- 10; 6 -- 11;
    [[7, 8, 9, 10, 11], [7, 8, 9, 10, 11], [7, 8, 9, 10, 11], [7, 8, 9, 10, 11], [8, 9, 10, 11], [8, 9, 10, 11], [9, 10, 11], [0, 1, 2, 3], [0, 1, 2, 3, 4, 5], [0, 1, 2, 3, 4, 5, 6], [0, 1, 2, 3, 4, 5, 6], [0, 1, 2, 3, 4, 5, 6]]
}

graph r4_9_10e53 {
    0; 1; 2; 3; 4; 5; 6; 7; 8; 9; 10; 11;
    0 -- 7; 0 -- 8; 0 -- 9; 0 -- 10; 0 -- 11; 1 -- 7; 1 -- 8; 1 -- 9;
    1 -- 10; 1 -- 11; 2 -- 7; 2 -- 8; 2 -- 9; 2 -- 10; 2 -- 11; 3 -- 7;
    3 -- 8; 3 -- 9; 3 -- 10; 3 -- 11; 4 -- 8; 4 -- 9; 4 -- 10; 4 -- 11;
    5 -- 8; 5 -- 9; 5 -- 10; 5 -- 11; 6 -- 8; 6 -- 9; 6 -- 10; 6 -- 11;
    [[7, 8, 9, 10, 11], [7, 8, 9, 10, 11], [7, 8, 9, 10, 11], [7, 8, 9, 10, 11], [8, 9, 10, 11], [8, 9, 10, 11], [8, 9, 10, 11], [0, 1, 2, 3], [0, 1, 2, 3, 4, 5, 6], [0, 1, 2, 3, 4, 5, 6], [0, 1, 2, 3, 4, 5, 6], [0, 1, 2, 3, 4, 5, 6]]
}

graph r4_9_10e54 {
    0; 1; 2; 3; 4; 5; 6; 7; 8; 9; 10; 11;
    0 -- 7; 0 -- 8; 0 -- 9; 0 -- 10; 0 -- 11; 1 -- 7; 1 -- 8; 1 -- 9;
    1 -- 10; 1 -- 11; 2 -- 7; 2 -- 8; 2 -- 9; 2 -- 10; 2 -- 11; 3 -- 7;
    3 -- 8; 3 -- 9; 3 -- 10; 3 -- 11; 4 -- 7; 4 -- 8; 4 -- 10; 4 -- 11;
    5 -- 9; 5 -- 10; 5 -- 11; 6 -- 9; 6 -- 10; 6 -- 11;
    [[7, 8, 9, 10, 11], [7, 8, 9, 10, 11], [7, 8, 9, 10, 11], [7, 8, 9, 10, 11], [7, 8, 10, 11], [9, 10, 11], [9, 10, 11], [0, 1, 2, 3, 4], [0, 1, 2, 3, 4], [0, 1, 2, 3, 5, 6], [0, 1, 2, 3, 4, 5, 6], [0, 1, 2, 3, 4, 5, 6]]
}

graph r4_9_10e55 {
    0; 1; 2; 3; 4; 5; 6; 7; 8; 9; 10; 11;
    0 -- 7; 0 -- 8; 0 -- 9; 0 -- 10; 0 -- 11; 1 -- 7; 1 -- 8; 1 -- 9;
    1 -- 10; 1 -- 11; 2 -- 7; 2 -- 8; 2 -- 9; 2 -- 10; 2 -- 11; 3 -- 7;
    3 -- 8; 3 -- 9; 3 -- 10; 3 -- 11; 4 -- 7; 4 -- 9; 4 -- 10; 4 -- 11;
    5 -- 8; 5 -- 9; 5 -- 10; 5 -- 11; 6 -- 10; 6 -- 11;
    [[7, 8, 9, 10, 11], [7, 8, 9, 10, 11], [7, 8, 9, 10, 11], [7, 8, 9, 10, 11], [7, 9, 10, 11], [8, 9, 10, 11], [10, 11], [0, 1, 2, 3, 4], [0, 1, 2, 3, 5], [0, 1, 2, 3, 4, 5], [0, 1, 2, 3, 4, 5, 6], [0, 1, 2, 3, 4, 5, 6]]
}

graph r4_9_10e56 {
    0; 1; 2; 3; 4; 5; 6; 7; 8; 9; 10; 11;
    0 -- 7; 0 -- 8; 0 -- 9; 0 -- 10; 0 -- 11; 1 -- 7; 1 -- 8; 1 -- 9;
    1 -- 10; 1 -- 11; 2 -- 7; 2 -- 8; 2 -- 9; 2 -- 10; 2 -- 11; 3 -- 7;
    3 -- 8; 3 -- 9; 3 -- 10; 3 -- 11; 4 -- 7; 4 -- 9; 4 -- 10; 4 -- 11;
    5 -- 8; 5 -- 10; 5 -- 11; 6 -- 9; 6 -- 10; 6 -- 11;
    [[7, 8, 9, 10, 11], [7, 8, 9, 10, 11], [7, 8, 9, 10, 11], [7, 8, 9, 10, 11], [7, 9, 10, 11], [8, 10, 11], [9, 10, 11], [0, 1, 2, 3, 4], [0, 1, 2, 3, 5], [0, 1, 2, 3, 4, 6], [0, 1, 2, 3, 4, 5, 6], [0, 1, 2, 3, 4, 5, 6]]
}

graph r4_9_10e57 {
    0; 1; 2; 3; 4; 5; 6; 7; 8; 9; 10; 11;
    0 -- 7; 0 -- 8; 0 -- 9; 0 -- 10; 0 -- 11; 1 -- 7; 1 -- 8; 1 -- 9;
    1 -- 10; 1 -- 11; 2 -- 7; 2 -- 8; 2 -- 9; 2 -- 10; 2 -- 11; 3 -- 7;
    3 -- 8; 3 -- 9; 3 -- 10; 3 -- 11; 4 -- 7; 4 -- 9; 4 -- 10; 4 -- 11;
    5 -- 8; 5 -- 9; 5 -- 10; 5 -- 11; 6 -- 9; 6 -- 10; 6 -- 11;
    [[7, 8, 9, 10, 11], [7, 8, 9, 10, 11], [7, 8, 9, 10, 11], [7, 8, 9, 10, 11], [7, 9, 10, 11], [8, 9, 10, 11], [9, 10, 11], [0, 1, 2, 3, 4], [0, 1, 2, 3, 5], [0, 1, 2, 3, 4, 5, 6], [0, 1, 2, 3, 4, 5, 6], [0, 1, 2, 3, 4, 5, 6]]
}

graph r4_9_10e58 {
    0; 1; 2; 3; 4; 5; 6; 7; 8; 9; 10; 11;
    0 -- 7; 0 -- 8; 0 -- 9; 0 -- 10; 0 -- 11; 1 -- 7; 1 -- 8; 1 -- 9;
    1 -- 10; 1 -- 11; 2 -- 7; 2 -- 8; 2 -- 9; 2 -- 10; 2 -- 11; 3 -- 7;
    3 -- 8; 3 -- 9; 3 -- 10; 3 -- 11; 4 -- 7; 4 -- 8; 4 -- 10; 4 -- 11;
    5 -- 8; 5 -- 9; 5 -- 10; 5 -- 11; 6 -- 9; 6 -- 10; 6 -- 11;
    [[7, 8, 9, 10, 11], [7, 8, 9, 10, 11], [7, 8, 9, 10, 11], [7, 8, 9, 10, 11], [7, 8, 10, 11], [8, 9, 10, 11], [9, 10, 11], [0, 1, 2, 3, 4], [0, 1, 2, 3, 4, 5], [0, 1, 2, 3, 5, 6], [0, 1, 2, 3, 4, 5, 6], [0, 1, 2, 3, 4, 5, 6]]
}

graph r4_9_10e59 {
    0; 1; 2; 3; 4; 5; 6; 7; 8; 9; 10; 11;
    0 -- 7; 0 -- 8; 0 -- 9; 0 -- 10; 0 -- 11; 1 -- 7; 1 -- 8; 1 -- 9;
    1 -- 10; 1 -- 11; 2 -- 7; 2 -- 8; 2 -- 9; 2 -- 10; 2 -- 11; 3 -- 7;
    3 -- 8; 3 -- 9; 3 -- 10; 3 -- 11; 4 -- 7; 4 -- 10; 4 -- 11; 5 -- 8;
    5 -- 9; 5 -- 10; 5 -- 11; 6 -- 8; 6 -- 9; 6 -- 10; 6 -- 11;
    [[7, 8, 9, 10, 11], [7, 8, 9, 10, 11], [7, 8, 9, 10, 11], [7, 8, 9, 10, 11], [7, 10, 11], [8, 9, 10, 11], [8, 9, 10, 11], [0, 1, 2, 3, 4], [0, 1, 2, 3, 5, 6], [0, 1, 2, 3, 5, 6], [0, 1, 2, 3, 4, 5, 6], [0, 1, 2, 3, 4, 5, 6]]
}

graph r4_9_10e60 {
    0; 1; 2; 3; 4; 5; 6; 7; 8; 9; 10; 11;
    0 -- 7; 0 -- 8; 0 -- 9; 0 -- 10; 0 -- 11; 1 -- 7; 1 -- 8; 1 -- 9;
    1 -- 10; 1 -- 11; 2 -- 7; 2 -- 8; 2 -- 9; 2 -- 10; 2 -- 11; 3 -- 7;
    3 -- 8; 3 -- 9; 3 -- 10; 3 -- 11; 4 -- 7; 4 -- 9; 4 -- 10; 4 -- 11;
    5 -- 8; 5 -- 9; 5 -- 10; 5 -- 11; 6 -- 8; 6 -- 9; 6 -- 10; 6 -- 11;
    [[7, 8, 9, 10, 11], [7, 8, 9, 10, 11], [7, 8, 9, 10, 11], [7, 8, 9, 10, 11], [7, 9, 10, 11], [8, 9, 10, 11], [8, 9, 10, 11], [0, 1, 2, 3, 4], [0, 1, 2, 3, 5, 6], [0, 1, 2, 3, 4, 5, 6], [0, 1, 2, 3, 4, 5, 6], [0, 1, 2, 3, 4, 5, 6]]
}

graph r4_9_10e61 {
    0; 1; 2; 3; 4; 5; 6; 7; 8; 9; 10; 11;
    0 -- 7; 0 -- 8; 0 -- 9; 0 -- 10; 0 -- 11; 1 -- 7; 1 -- 8; 1 -- 9;
    1 -- 10; 1 -- 11; 2 -- 7; 2 -- 8; 2 -- 9; 2 -- 10; 2 -- 11; 3 -- 7;
    3 -- 8; 3 -- 9; 3 -- 10; 3 -- 11; 4 -- 7; 4 -- 8; 4 -- 10; 4 -- 11;
    5 -- 7; 5 -- 9; 5 -- 10; 5 -- 11; 6 -- 8; 6 -- 9; 6 -- 10; 6 -- 11;
    [[7, 8, 9, 10, 11], [7, 8, 9, 10, 11], [7, 8, 9, 10, 11], [7, 8, 9, 10, 11], [7, 8, 10, 11], [7, 9, 10, 11], [8, 9, 10, 11], [0, 1, 2, 3, 4, 5], [0, 1, 2, 3, 4, 6], [0, 1, 2, 3, 5, 6], [0, 1, 2, 3, 4, 5, 6], [0, 1, 2, 3, 4, 5, 6]]
}

graph r4_9_10e62 {
    0; 1; 2; 3; 4; 5; 6; 7; 8; 9; 10; 11;
    0 -- 6; 0 -- 7; 0 -- 8; 0 -- 9; 0 -- 10; 0 -- 11; 1 -- 6; 1 -- 7;
    1 -- 8; 1 -- 9; 1 -- 10; 1 -- 11; 2 -- 6; 2 -- 7; 2 -- 8; 2 -- 9;
    2 -- 10; 2 -- 11; 3 -- 7; 3 -- 8; 3 -- 9; 3 -- 10; 3 -- 11; 4 -- 8;
    4 -- 9; 4 -- 10; 4 -- 11; 5 -- 9; 5 -- 10; 5 -- 11;
    [[6, 7, 8, 9, 10, 11], [6, 7, 8, 9, 10, 11], [6, 7, 8, 9, 10, 11], [7, 8, 9, 10, 11], [8, 9, 10, 11], [9, 10, 11], [0, 1, 2], [0, 1, 2, 3], [0, 1, 2, 3, 4], [0, 1, 2, 3, 4, 5], [0, 1, 2, 3, 4, 5], [0, 1, 2, 3, 4, 5]]
}

graph r4_9_10e63 {
    0; 1; 2; 3; 4; 5; 6; 7; 8; 9; 10; 11;
    0 -- 6; 0 -- 7; 0 -- 8; 0 -- 9; 0 -- 10; 0 -- 11; 1 -- 6; 1 -- 7;
    1 -- 8; 1 -- 9; 1 -- 10; 1 -- 11; 2 -- 6; 2 -- 7; 2 -- 8; 2 -- 9;
    2 -- 10; 2 -- 11; 3 -- 7; 3 -- 8; 3 -- 9; 3 -- 10; 3 -- 11; 4 -- 8;
    4 -- 9; 4 -- 10; 4 -- 11; 5 -- 8; 5 -- 9; 5 -- 10; 5 -- 11;
    [[6, 7, 8, 9, 10, 11], [6, 7, 8, 9, 10, 11], [6, 7, 8, 9, 10, 11], [7, 8, 9, 10, 11], [8, 9, 10, 11], [8, 9, 10, 11], [0, 1, 2], [0, 1, 2, 3], [0, 1, 2, 3, 4, 5], [0, 1, 2, 3, 4, 5], [0, 1, 2, 3, 4, 5], [0, 1, 2, 3, 4, 5]]
}

graph r4_9_10e64 {
    0; 1; 2; 3; 4; 5; 6; 7; 8; 9; 10; 11;
    0 -- 6; 0 -- 7; 0 -- 8; 0 -- 9; 0 -- 10; 0 -- 11; 1 -- 6; 1 -- 7;
    1 -- 8; 1 -- 9; 1 -- 10; 1 -- 11; 2 -- 6; 2 -- 7; 2 -- 8; 2 -- 9;
    2 -- 10; 2 -- 11; 3 -- 7; 3 -- 8; 3 -- 9; 3 -- 10; 3 -- 11; 4 -- 7;
    4 -- 9; 4 -- 10; 4 -- 11; 5 -- 8; 5 -- 9; 5 -- 10; 5 -- 11;
    [[6, 7, 8, 9, 10, 11], [6, 7, 8, 9, 10, 11], [6, 7, 8, 9, 10, 11], [7, 8, 9, 10, 11], [7, 9, 10, 11], [8, 9, 10, 11], [0, 1, 2], [0, 1, 2, 3, 4], [0, 1, 2, 3, 5], [0, 1, 2, 3, 4, 5], [0, 1, 2, 3, 4, 5], [0, 1, 2, 3, 4, 5]]
}

graph r4_9_10e65 {
    0; 1; 2; 3; 4; 5; 6; 7; 8; 9; 10; 11;
    0 -- 6; 0 -- 7; 0 -- 8; 0 -- 9; 0 -- 10; 0 -- 11; 1 -- 6; 1 -- 7;
    1 -- 8; 1 -- 9; 1 -- 10; 1 -- 11; 2 -- 6; 2 -- 7; 2 -- 8; 2 -- 9;
    2 -- 10; 2 -- 11; 3 -- 6; 3 -- 7; 3 -- 9; 3 -- 10; 3 -- 11; 4 -- 8;
    4 -- 9; 4 -- 10; 4 -- 11; 5 -- 8; 5 -- 9; 5 -- 10; 5 -- 11;
    [[6, 7, 8, 9, 10, 11], [6, 7, 8, 9, 10, 11], [6, 7, 8, 9, 10, 11], [6, 7, 9, 10, 11], [8, 9, 10, 11], [8, 9, 10, 11], [0, 1, 2, 3], [0, 1, 2, 3], [0, 1, 2, 4, 5], [0, 1, 2, 3, 4, 5], [0, 1, 2, 3, 4, 5], [0, 1, 2, 3, 4, 5]]
}

graph r4_9_10e66 {
    0; 1; 2; 3; 4; 5; 6; 7; 8; 9; 10; 11;
    0 -- 6; 0 -- 7; 0 -- 8; 0 -- 9; 0 -- 10; 0 -- 11; 1 -- 6; 1 -- 7;
    1 -- 8; 1 -- 9; 1 -- 10; 1 -- 11; 2 -- 6; 2 -- 7; 2 -- 8; 2 -- 9;
    2 -- 10; 2 -- 11; 3 -- 6; 3 -- 7; 3 -- 8; 3 -- 9; 3 -- 10; 3 -- 11;
    4 -- 8; 4 -- 9; 4 -- 10; 4 -- 11; 5 -- 8; 5 -- 9; 5 -- 10; 5 -- 11;
    [[6, 7, 8, 9, 10, 11], [6, 7, 8, 9, 10, 11], [6, 7, 8, 9, 10, 11], [6, 7, 8, 9, 10, 11], [8, 9, 10, 11], [8, 9, 10, 11], [0, 1, 2, 3], [0, 1, 2, 3], [0, 1, 2, 3, 4, 5], [0, 1, 2, 3, 4, 5], [0, 1, 2, 3, 4, 5], [0, 1, 2, 3, 4, 5]]
}

graph r4_9_10e67 {
    0; 1; 2; 3; 4; 5; 6; 7; 8; 9; 10; 11;
    0 -- 6; 0 -- 7; 0 -- 8; 0 -- 9; 0 -- 10; 0 -- 11; 1 -- 6; 1 -- 7;
    1 -- 8; 1 -- 9; 1 -- 10; 1 -- 11; 2 -- 6; 2 -- 7; 2 -- 8; 2 -- 9;
    2 -- 10; 2 -- 11; 3 -- 6; 3 -- 8; 3 -- 9; 3 -- 10; 3 -- 11; 4 -- 7;
    4 -- 9; 4 -- 10; 4 -- 11; 5 -- 8; 5 -- 9; 5 -- 10; 5 -- 11;
    [[6, 7, 8, 9, 10, 11], [6, 7, 8, 9, 10, 11], [6, 7, 8, 9, 10, 11], [6, 8, 9, 10, 11], [7, 9, 10, 11], [8, 9, 10, 11], [0, 1, 2, 3], [0, 1, 2, 4], [0, 1, 2, 3, 5], [0, 1, 2, 3, 4, 5], [0, 1, 2, 3, 4, 5], [0, 1, 2, 3, 4, 5]]
}

graph r4_9_10e68 {
    0; 1; 2; 3; 4; 5; 6; 7; 8; 9; 10; 11;
    0 -- 6; 0 -- 7; 0 -- 8; 0 -- 9; 0 -- 10; 0 -- 11; 1 -- 6; 1 -- 7;
    1 -- 8; 1 -- 9; 1 -- 10; 1 -- 11; 2 -- 6; 2 -- 7; 2 -- 8; 2 -- 9;
    2 -- 10; 2 -- 11; 3 -- 6; 3 -- 8; 3 -- 9; 3 -- 10; 3 -- 11; 4 -- 7;
    4 -- 8; 4 -- 9; 4 -- 10; 4 -- 11; 5 -- 8; 5 -- 9; 5 -- 10; 5 -- 11;
    [[6, 7, 8, 9, 10, 11], [6, 7, 8, 9, 10, 11], [6, 7, 8, 9, 10, 11], [6, 8, 9, 10, 11], [7, 8, 9, 10, 11], [8, 9, 10, 11], [0, 1, 2, 3], [0, 1, 2, 4], [0, 1, 2, 3, 4, 5], [0, 1, 2, 3, 4, 5], [0, 1, 2, 3, 4, 5], [0, 1, 2, 3, 4, 5]]
}

graph r4_9_10e69 {
    0; 1; 2; 3; 4; 5; 6; 7; 8; 9; 10; 11;
    0 -- 6; 0 -- 7; 0 -- 8; 0 -- 9; 0 -- 10; 0 -- 11; 1 -- 6; 1 -- 7;
    1 -- 8; 1 -- 9; 1 -- 10; 1 -- 11; 2 -- 6; 2 -- 7; 2 -- 8; 2 -- 9;
    2 -- 10; 2 -- 11; 3 -- 6; 3 -- 7; 3 -- 9; 3 -- 10; 3 -- 11; 4 -- 7;
    4 -- 8; 4 -- 9; 4 -- 10; 4 -- 11; 5 -- 8; 5 -- 9; 5 -- 10; 5 -- 11;
    [[6, 7, 8, 9, 10, 11], [6, 7, 8, 9, 10, 11], [6, 7, 8, 9, 10, 11], [6, 7, 9, 10, 11], [7, 8, 9, 10, 11], [8, 9, 10, 11], [0, 1, 2, 3], [0, 1, 2, 3, 4], [0, 1, 2, 4, 5], [0, 1, 2, 3, 4, 5], [0, 1, 2, 3, 4, 5], [0, 1, 2, 3, 4, 5]]
}

graph r4_9_10e70 {
    0; 1; 2; 3; 4; 5; 6; 7; 8; 9; 10; 11;
    0 -- 6; 0 -- 7; 0 -- 8; 0 -- 9; 0 -- 10; 0 -- 11; 1 -- 6; 1 -- 7;
    1 -- 8; 1 -- 9; 1 -- 10; 1 -- 11; 2 -- 6; 2 -- 7; 2 -- 8; 2 -- 9;
    2 -- 10; 2 -- 11; 3 -- 6; 3 -- 7; 3 -- 9; 3 -- 10; 3 -- 11; 4 -- 6;
    4 -- 8; 4 -- 9; 4 -- 10; 4 -- 11; 5 -- 7; 5 -- 8; 5 -- 9; 5 -- 10;
    5 -- 11;
    [[6, 7, 8, 9, 10, 11], [6, 7, 8, 9, 10, 11], [6, 7, 8, 9, 10, 11], [6, 7, 9, 10, 11], [6, 8, 9, 10, 11], [7, 8, 9, 10, 11], [0, 1, 2, 3, 4], [0, 1, 2, 3, 5], [0, 1, 2, 4, 5], [0, 1, 2, 3, 4, 5], [0, 1, 2, 3, 4, 5], [0, 1, 2, 3, 4, 5]]
}

R^BIP_4(9,10) = 13
70 extremal graph(s)
running time:45.874316930770874sec
