Finding R^BIP_4(9,9)

Order & number of counterexample graphs:
0 1
1 1
2 2
3 3
4 7
5 13
6 35
7 88
8 303
9 330
10 275
11 148
12 19
13 0

19 extremal graph(s):

graph r4_9_9e1 {
    0; 1; 2; 3; 4; 5; 6; 7; 8; 9; 10; 11;
    0 -- 8; 0 -- 9; 0 -- 10; 0 -- 11; 1 -- 8; 1 -- 9; 1 -- 10; 1 -- 11;
    2 -- 8; 2 -- 9; 2 -- 10; 2 -- 11; 3 -- 8; 3 -- 9; 3 -- 10; 3 -- 11;
    4 -- 8; 4 -- 9; 4 -- 11; 5 -- 9; 5 -- 10; 5 -- 11; 6 -- 10; 6 -- 11;
    7 -- 10; 7 -- 11;
    [[8, 9, 10, 11], [8, 9, 10, 11], [8, 9, 10, 11], [8, 9, 10, 11], [8, 9, 11], [9, 10, 11], [10, 11], [10, 11], [0, 1, 2, 3, 4], [0, 1, 2, 3, 4, 5], [0, 1, 2, 3, 5, 6, 7], [0, 1, 2, 3, 4, 5, 6, 7]]
}

graph r4_9_9e2 {
    0; 1; 2; 3; 4; 5; 6; 7; 8; 9; 10; 11;
    0 -- 8; 0 -- 9; 0 -- 10; 0 -- 11; 1 -- 8; 1 -- 9; 1 -- 10; 1 -- 11;
    2 -- 8; 2 -- 9; 2 -- 10; 2 -- 11; 3 -- 8; 3 -- 9; 3 -- 10; 3 -- 11;
    4 -- 8; 4 -- 10; 4 -- 11; 5 -- 9; 5 -- 10; 5 -- 11; 6 -- 9; 6 -- 10;
    6 -- 11; 7 -- 11;
    [[8, 9, 10, 11], [8, 9, 10, 11], [8, 9, 10, 11], [8, 9, 10, 11], [8, 10, 11], [9, 10, 11], [9, 10, 11], [11], [0, 1, 2, 3, 4], [0, 1, 2, 3, 5, 6], [0, 1, 2, 3, 4, 5, 6], [0, 1, 2, 3, 4, 5, 6, 7]]
}

graph r4_9_9e3 {
    0; 1; 2; 3; 4; 5; 6; 7; 8; 9; 10; 11;
    0 -- 8; 0 -- 9; 0 -- 10; 0 -- 11; 1 -- 8; 1 -- 9; 1 -- 10; 1 -- 11;
    2 -- 8; 2 -- 9; 2 -- 10; 2 -- 11; 3 -- 8; 3 -- 9; 3 -- 10; 3 -- 11;
    4 -- 8; 4 -- 10; 4 -- 11; 5 -- 9; 5 -- 10; 5 -- 11; 6 -- 9; 6 -- 11;
    7 -- 10; 7 -- 11;
    [[8, 9, 10, 11], [8, 9, 10, 11], [8, 9, 10, 11], [8, 9, 10, 11], [8, 10, 11], [9, 10, 11], [9, 11], [10, 11], [0, 1, 2, 3, 4], [0, 1, 2, 3, 5, 6], [0, 1, 2, 3, 4, 5, 7], [0, 1, 2, 3, 4, 5, 6, 7]]
}

graph r4_9_9e4 {
    0; 1; 2; 3; 4; 5; 6; 7; 8; 9; 10; 11;
    0 -- 8; 0 -- 9; 0 -- 10; 0 -- 11; 1 -- 8; 1 -- 9; 1 -- 10; 1 -- 11;
    2 -- 8; 2 -- 9; 2 -- 10; 2 -- 11; 3 -- 8; 3 -- 9; 3 -- 10; 3 -- 11;
    4 -- 8; 4 -- 11; 5 -- 9; 5 -- 10; 5 -- 11; 6 -- 9; 6 -- 10; 6 -- 11;
    7 -- 10; 7 -- 11;
    [[8, 9, 10, 11], [8, 9, 10, 11], [8, 9, 10, 11], [8, 9, 10, 11], [8, 11], [9, 10, 11], [9, 10, 11], [10, 11], [0, 1, 2, 3, 4], [0, 1, 2, 3, 5, 6], [0, 1, 2, 3, 5, 6, 7], [0, 1, 2, 3, 4, 5, 6, 7]]
}

graph r4_9_9e5 {
    0; 1; 2; 3; 4; 5; 6; 7; 8; 9; 10; 11;
    0 -- 8; 0 -- 9; 0 -- 10; 0 -- 11; 1 -- 8; 1 -- 9; 1 -- 10; 1 -- 11;
    2 -- 8; 2 -- 9; 2 -- 10; 2 -- 11; 3 -- 8; 3 -- 9; 3 -- 11; 4 -- 8;
    4 -- 10; 4 -- 11; 5 -- 9; 5 -- 10; 5 -- 11; 6 -- 9; 6 -- 10;
    6 -- 11; 7 -- 10; 7 -- 11;
    [[8, 9, 10, 11], [8, 9, 10, 11], [8, 9, 10, 11], [8, 9, 11], [8, 10, 11], [9, 10, 11], [9, 10, 11], [10, 11], [0, 1, 2, 3, 4], [0, 1, 2, 3, 5, 6], [0, 1, 2, 4, 5, 6, 7], [0, 1, 2, 3, 4, 5, 6, 7]]
}

graph r4_9_9e6 {
    0; 1; 2; 3; 4; 5; 6; 7; 8; 9; 10; 11;
    0 -- 8; 0 -- 9; 0 -- 10; 0 -- 11; 1 -- 8; 1 -- 9; 1 -- 10; 1 -- 11;
    2 -- 8; 2 -- 9; 2 -- 10; 2 -- 11; 3 -- 8; 3 -- 9; 3 -- 10; 3 -- 11;
    4 -- 8; 4 -- 10; 4 -- 11; 5 -- 9; 5 -- 10; 5 -- 11; 6 -- 9; 6 -- 10;
    6 -- 11; 7 -- 10; 7 -- 11;
    [[8, 9, 10, 11], [8, 9, 10, 11], [8, 9, 10, 11], [8, 9, 10, 11], [8, 10, 11], [9, 10, 11], [9, 10, 11], [10, 11], [0, 1, 2, 3, 4], [0, 1, 2, 3, 5, 6], [0, 1, 2, 3, 4, 5, 6, 7], [0, 1, 2, 3, 4, 5, 6, 7]]
}

graph r4_9_9e7 {
    0; 1; 2; 3; 4; 5; 6; 7; 8; 9; 10; 11;
    0 -- 8; 0 -- 9; 0 -- 10; 0 -- 11; 1 -- 8; 1 -- 9; 1 -- 10; 1 -- 11;
    2 -- 8; 2 -- 9; 2 -- 10; 2 -- 11; 3 -- 8; 3 -- 10; 3 -- 11; 4 -- 8;
    4 -- 10; 4 -- 11; 5 -- 9; 5 -- 10; 5 -- 11; 6 -- 9; 6 -- 10;
    6 -- 11; 7 -- 9; 7 -- 11;
    [[8, 9, 10, 11], [8, 9, 10, 11], [8, 9, 10, 11], [8, 10, 11], [8, 10, 11], [9, 10, 11], [9, 10, 11], [9, 11], [0, 1, 2, 3, 4], [0, 1, 2, 5, 6, 7], [0, 1, 2, 3, 4, 5, 6], [0, 1, 2, 3, 4, 5, 6, 7]]
}

graph r4_9_9e8 {
    0; 1; 2; 3; 4; 5; 6; 7; 8; 9; 10; 11;
    0 -- 8; 0 -- 9; 0 -- 10; 0 -- 11; 1 -- 8; 1 -- 9; 1 -- 10; 1 -- 11;
    2 -- 8; 2 -- 9; 2 -- 10; 2 -- 11; 3 -- 8; 3 -- 10; 3 -- 11; 4 -- 8;
    4 -- 11; 5 -- 9; 5 -- 10; 5 -- 11; 6 -- 9; 6 -- 10; 6 -- 11; 7 -- 9;
    7 -- 10; 7 -- 11;
    [[8, 9, 10, 11], [8, 9, 10, 11], [8, 9, 10, 11], [8, 10, 11], [8, 11], [9, 10, 11], [9, 10, 11], [9, 10, 11], [0, 1, 2, 3, 4], [0, 1, 2, 5, 6, 7], [0, 1, 2, 3, 5, 6, 7], [0, 1, 2, 3, 4, 5, 6, 7]]
}

graph r4_9_9e9 {
    0; 1; 2; 3; 4; 5; 6; 7; 8; 9; 10; 11;
    0 -- 8; 0 -- 9; 0 -- 10; 0 -- 11; 1 -- 8; 1 -- 9; 1 -- 10; 1 -- 11;
    2 -- 8; 2 -- 9; 2 -- 11; 3 -- 8; 3 -- 10; 3 -- 11; 4 -- 8; 4 -- 10;
    4 -- 11; 5 -- 9; 5 -- 10; 5 -- 11; 6 -- 9; 6 -- 10; 6 -- 11; 7 -- 9;
    7 -- 10; 7 -- 11;
    [[8, 9, 10, 11], [8, 9, 10, 11], [8, 9, 11], [8, 10, 11], [8, 10, 11], [9, 10, 11], [9, 10, 11], [9, 10, 11], [0, 1, 2, 3, 4], [0, 1, 2, 5, 6, 7], [0, 1, 3, 4, 5, 6, 7], [0, 1, 2, 3, 4, 5, 6, 7]]
}

graph r4_9_9e10 {
    0; 1; 2; 3; 4; 5; 6; 7; 8; 9; 10; 11;
    0 -- 8; 0 -- 9; 0 -- 10; 0 -- 11; 1 -- 8; 1 -- 9; 1 -- 10; 1 -- 11;
    2 -- 8; 2 -- 9; 2 -- 10; 2 -- 11; 3 -- 8; 3 -- 10; 3 -- 11; 4 -- 8;
    4 -- 10; 4 -- 11; 5 -- 9; 5 -- 10; 5 -- 11; 6 -- 9; 6 -- 10;
    6 -- 11; 7 -- 9; 7 -- 10; 7 -- 11;
    [[8, 9, 10, 11], [8, 9, 10, 11], [8, 9, 10, 11], [8, 10, 11], [8, 10, 11], [9, 10, 11], [9, 10, 11], [9, 10, 11], [0, 1, 2, 3, 4], [0, 1, 2, 5, 6, 7], [0, 1, 2, 3, 4, 5, 6, 7], [0, 1, 2, 3, 4, 5, 6, 7]]
}

graph r4_9_9e11 {
    0; 1; 2; 3; 4; 5; 6; 7; 8; 9; 10; 11;
    0 -- 8; 0 -- 9; 0 -- 10; 0 -- 11; 1 -- 8; 1 -- 9; 1 -- 10; 1 -- 11;
    2 -- 8; 2 -- 9; 2 -- 10; 2 -- 11; 3 -- 8; 3 -- 9; 3 -- 10; 3 -- 11;
    4 -- 8; 4 -- 9; 4 -- 11; 5 -- 9; 5 -- 10; 5 -- 11; 6 -- 9; 6 -- 10;
    6 -- 11; 7 -- 10; 7 -- 11;
    [[8, 9, 10, 11], [8, 9, 10, 11], [8, 9, 10, 11], [8, 9, 10, 11], [8, 9, 11], [9, 10, 11], [9, 10, 11], [10, 11], [0, 1, 2, 3, 4], [0, 1, 2, 3, 4, 5, 6], [0, 1, 2, 3, 5, 6, 7], [0, 1, 2, 3, 4, 5, 6, 7]]
}

graph r4_9_9e12 {
    0; 1; 2; 3; 4; 5; 6; 7; 8; 9; 10; 11;
    0 -- 8; 0 -- 9; 0 -- 10; 0 -- 11; 1 -- 8; 1 -- 9; 1 -- 10; 1 -- 11;
    2 -- 8; 2 -- 9; 2 -- 10; 2 -- 11; 3 -- 8; 3 -- 9; 3 -- 10; 3 -- 11;
    4 -- 8; 4 -- 11; 5 -- 9; 5 -- 10; 5 -- 11; 6 -- 9; 6 -- 10; 6 -- 11;
    7 -- 9; 7 -- 10; 7 -- 11;
    [[8, 9, 10, 11], [8, 9, 10, 11], [8, 9, 10, 11], [8, 9, 10, 11], [8, 11], [9, 10, 11], [9, 10, 11], [9, 10, 11], [0, 1, 2, 3, 4], [0, 1, 2, 3, 5, 6, 7], [0, 1, 2, 3, 5, 6, 7], [0, 1, 2, 3, 4, 5, 6, 7]]
}

graph r4_9_9e13 {
    0; 1; 2; 3; 4; 5; 6; 7; 8; 9; 10; 11;
    0 -- 8; 0 -- 9; 0 -- 10; 0 -- 11; 1 -- 8; 1 -- 9; 1 -- 10; 1 -- 11;
    2 -- 8; 2 -- 9; 2 -- 10; 2 -- 11; 3 -- 8; 3 -- 9; 3 -- 11; 4 -- 8;
    4 -- 10; 4 -- 11; 5 -- 9; 5 -- 10; 5 -- 11; 6 -- 9; 6 -- 10;
    6 -- 11; 7 -- 9; 7 -- 10; 7 -- 11;
    [[8, 9, 10, 11], [8, 9, 10, 11], [8, 9, 10, 11], [8, 9, 11], [8, 10, 11], [9, 10, 11], [9, 10, 11], [9, 10, 11], [0, 1, 2, 3, 4], [0, 1, 2, 3, 5, 6, 7], [0, 1, 2, 4, 5, 6, 7], [0, 1, 2, 3, 4, 5, 6, 7]]
}

graph r4_9_9e14 {
    0; 1; 2; 3; 4; 5; 6; 7; 8; 9; 10; 11;
    0 -- 8; 0 -- 9; 0 -- 10; 0 -- 11; 1 -- 8; 1 -- 9; 1 -- 10; 1 -- 11;
    2 -- 8; 2 -- 9; 2 -- 10; 2 -- 11; 3 -- 8; 3 -- 9; 3 -- 10; 3 -- 11;
    4 -- 8; 4 -- 10; 4 -- 11; 5 -- 9; 5 -- 10; 5 -- 11; 6 -- 9; 6 -- 10;
    6 -- 11; 7 -- 9; 7 -- 10; 7 -- 11;
    [[8, 9, 10, 11], [8, 9, 10, 11], [8, 9, 10, 11], [8, 9, 10, 11], [8, 10, 11], [9, 10, 11], [9, 10, 11], [9, 10, 11], [0, 1, 2, 3, 4], [0, 1, 2, 3, 5, 6, 7], [0, 1, 2, 3, 4, 5, 6, 7], [0, 1, 2, 3, 4, 5, 6, 7]]
}

graph r4_9_9e15 {
    0; 1; 2; 3; 4; 5; 6; 7; 8; 9; 10; 11;
    0 -- 8; 0 -- 9; 0 -- 10; 0 -- 11; 1 -- 8; 1 -- 9; 1 -- 10; 1 -- 11;
    2 -- 8; 2 -- 9; 2 -- 10; 2 -- 11; 3 -- 8; 3 -- 9; 3 -- 10; 3 -- 11;
    4 -- 8; 4 -- 9; 4 -- 11; 5 -- 8; 5 -- 10; 5 -- 11; 6 -- 9; 6 -- 10;
    6 -- 11; 7 -- 10; 7 -- 11;
    [[8, 9, 10, 11], [8, 9, 10, 11], [8, 9, 10, 11], [8, 9, 10, 11], [8, 9, 11], [8, 10, 11], [9, 10, 11], [10, 11], [0, 1, 2, 3, 4, 5], [0, 1, 2, 3, 4, 6], [0, 1, 2, 3, 5, 6, 7], [0, 1, 2, 3, 4, 5, 6, 7]]
}

graph r4_9_9e16 {
    0; 1; 2; 3; 4; 5; 6; 7; 8; 9; 10; 11;
    0 -- 8; 0 -- 9; 0 -- 10; 0 -- 11; 1 -- 8; 1 -- 9; 1 -- 10; 1 -- 11;
    2 -- 8; 2 -- 9; 2 -- 10; 2 -- 11; 3 -- 8; 3 -- 9; 3 -- 10; 3 -- 11;
    4 -- 8; 4 -- 10; 4 -- 11; 5 -- 8; 5 -- 10; 5 -- 11; 6 -- 9; 6 -- 10;
    6 -- 11; 7 -- 9; 7 -- 11;
    [[8, 9, 10, 11], [8, 9, 10, 11], [8, 9, 10, 11], [8, 9, 10, 11], [8, 10, 11], [8, 10, 11], [9, 10, 11], [9, 11], [0, 1, 2, 3, 4, 5], [0, 1, 2, 3, 6, 7], [0, 1, 2, 3, 4, 5, 6], [0, 1, 2, 3, 4, 5, 6, 7]]
}

graph r4_9_9e17 {
    0; 1; 2; 3; 4; 5; 6; 7; 8; 9; 10; 11;
    0 -- 8; 0 -- 9; 0 -- 10; 0 -- 11; 1 -- 8; 1 -- 9; 1 -- 10; 1 -- 11;
    2 -- 8; 2 -- 9; 2 -- 10; 2 -- 11; 3 -- 8; 3 -- 9; 3 -- 11; 4 -- 8;
    4 -- 10; 4 -- 11; 5 -- 8; 5 -- 10; 5 -- 11; 6 -- 9; 6 -- 10;
    6 -- 11; 7 -- 9; 7 -- 10; 7 -- 11;
    [[8, 9, 10, 11], [8, 9, 10, 11], [8, 9, 10, 11], [8, 9, 11], [8, 10, 11], [8, 10, 11], [9, 10, 11], [9, 10, 11], [0, 1, 2, 3, 4, 5], [0, 1, 2, 3, 6, 7], [0, 1, 2, 4, 5, 6, 7], [0, 1, 2, 3, 4, 5, 6, 7]]
}

graph r4_9_9e18 {
    0; 1; 2; 3; 4; 5; 6; 7; 8; 9; 10; 11;
    0 -- 8; 0 -- 9; 0 -- 10; 0 -- 11; 1 -- 8; 1 -- 9; 1 -- 10; 1 -- 11;
    2 -- 8; 2 -- 9; 2 -- 10; 2 -- 11; 3 -- 8; 3 -- 9; 3 -- 10; 3 -- 11;
    4 -- 8; 4 -- 10; 4 -- 11; 5 -- 8; 5 -- 10; 5 -- 11; 6 -- 9; 6 -- 10;
    6 -- 11; 7 -- 9; 7 -- 10; 7 -- 11;
    [[8, 9, 10, 11], [8, 9, 10, 11], [8, 9, 10, 11], [8, 9, 10, 11], [8, 10, 11], [8, 10, 11], [9, 10, 11], [9, 10, 11], [0, 1, 2, 3, 4, 5], [0, 1, 2, 3, 6, 7], [0, 1, 2, 3, 4, 5, 6, 7], [0, 1, 2, 3, 4, 5, 6, 7]]
}

graph r4_9_9e19 {
    0; 1; 2; 3; 4; 5; 6; 7; 8; 9; 10; 11;
    0 -- 8; 0 -- 9; 0 -- 10; 0 -- 11; 1 -- 8; 1 -- 9; 1 -- 10; 1 -- 11;
    2 -- 8; 2 -- 9; 2 -- 10; 2 -- 11; 3 -- 8; 3 -- 9; 3 -- 10; 3 -- 11;
    4 -- 8; 4 -- 9; 4 -- 11; 5 -- 8; 5 -- 10; 5 -- 11; 6 -- 9; 6 -- 10;
    6 -- 11; 7 -- 9; 7 -- 10; 7 -- 11;
    [[8, 9, 10, 11], [8, 9, 10, 11], [8, 9, 10, 11], [8, 9, 10, 11], [8, 9, 11], [8, 10, 11], [9, 10, 11], [9, 10, 11], [0, 1, 2, 3, 4, 5], [0, 1, 2, 3, 4, 6, 7], [0, 1, 2, 3, 5, 6, 7], [0, 1, 2, 3, 4, 5, 6, 7]]
}

R^BIP_4(9,9) = 13
19 extremal graph(s)
running time:39.10943031311035sec
