Finding R^BIP_4(8,9)

Order & number of counterexample graphs:
0 1
1 1
2 2
3 3
4 7
5 13
6 35
7 88
8 47
9 23
10 7
11 0

7 extremal graph(s):

graph r4_8_9e1 {
    0; 1; 2; 3; 4; 5; 6; 7; 8; 9;
    0 -- 7; 0 -- 8; 0 -- 9; 1 -- 7; 1 -- 8; 1 -- 9; 2 -- 7; 2 -- 8;
    2 -- 9; 3 -- 7; 3 -- 8; 3 -- 9; 4 -- 7; 4 -- 8; 4 -- 9; 5 -- 8;
    5 -- 9; 6 -- 9;
    [[7, 8, 9], [7, 8, 9], [7, 8, 9], [7, 8, 9], [7, 8, 9], [8, 9], [9], [0, 1, 2, 3, 4], [0, 1, 2, 3, 4, 5], [0, 1, 2, 3, 4, 5, 6]]
}

graph r4_8_9e2 {
    0; 1; 2; 3; 4; 5; 6; 7; 8; 9;
    0 -- 7; 0 -- 8; 0 -- 9; 1 -- 7; 1 -- 8; 1 -- 9; 2 -- 7; 2 -- 8;
    2 -- 9; 3 -- 7; 3 -- 8; 3 -- 9; 4 -- 7; 4 -- 9; 5 -- 8; 5 -- 9;
    6 -- 8; 6 -- 9;
    [[7, 8, 9], [7, 8, 9], [7, 8, 9], [7, 8, 9], [7, 9], [8, 9], [8, 9], [0, 1, 2, 3, 4], [0, 1, 2, 3, 5, 6], [0, 1, 2, 3, 4, 5, 6]]
}

graph r4_8_9e3 {
    0; 1; 2; 3; 4; 5; 6; 7; 8; 9;
    0 -- 7; 0 -- 8; 0 -- 9; 1 -- 7; 1 -- 8; 1 -- 9; 2 -- 7; 2 -- 8;
    2 -- 9; 3 -- 7; 3 -- 8; 3 -- 9; 4 -- 7; 4 -- 8; 4 -- 9; 5 -- 8;
    5 -- 9; 6 -- 8; 6 -- 9;
    [[7, 8, 9], [7, 8, 9], [7, 8, 9], [7, 8, 9], [7, 8, 9], [8, 9], [8, 9], [0, 1, 2, 3, 4], [0, 1, 2, 3, 4, 5, 6], [0, 1, 2, 3, 4, 5, 6]]
}

graph r4_8_9e4 {
    0; 1; 2; 3; 4; 5; 6; 7; 8; 9;
    0 -- 7; 0 -- 8; 0 -- 9; 1 -- 7; 1 -- 8; 1 -- 9; 2 -- 7; 2 -- 8;
    2 -- 9; 3 -- 7; 3 -- 8; 3 -- 9; 4 -- 7; 4 -- 8; 4 -- 9; 5 -- 7;
    5 -- 8; 5 -- 9; 6 -- 9;
    [[7, 8, 9], [7, 8, 9], [7, 8, 9], [7, 8, 9], [7, 8, 9], [7, 8, 9], [9], [0, 1, 2, 3, 4, 5], [0, 1, 2, 3, 4, 5], [0, 1, 2, 3, 4, 5, 6]]
}

graph r4_8_9e5 {
    0; 1; 2; 3; 4; 5; 6; 7; 8; 9;
    0 -- 7; 0 -- 8; 0 -- 9; 1 -- 7; 1 -- 8; 1 -- 9; 2 -- 7; 2 -- 8;
    2 -- 9; 3 -- 7; 3 -- 8; 3 -- 9; 4 -- 7; 4 -- 8; 4 -- 9; 5 -- 7;
    5 -- 9; 6 -- 8; 6 -- 9;
    [[7, 8, 9], [7, 8, 9], [7, 8, 9], [7, 8, 9], [7, 8, 9], [7, 9], [8, 9], [0, 1, 2, 3, 4, 5], [0, 1, 2, 3, 4, 6], [0, 1, 2, 3, 4, 5, 6]]
}

graph r4_8_9e6 {
    0; 1; 2; 3; 4; 5; 6; 7; 8; 9;
    0 -- 7; 0 -- 8; 0 -- 9; 1 -- 7; 1 -- 8; 1 -- 9; 2 -- 7; 2 -- 8;
    2 -- 9; 3 -- 7; 3 -- 8; 3 -- 9; 4 -- 7; 4 -- 8; 4 -- 9; 5 -- 7;
    5 -- 8; 5 -- 9; 6 -- 8; 6 -- 9;
    [[7, 8, 9], [7, 8, 9], [7, 8, 9], [7, 8, 9], [7, 8, 9], [7, 8, 9], [8, 9], [0, 1, 2, 3, 4, 5], [0, 1, 2, 3, 4, 5, 6], [0, 1, 2, 3, 4, 5, 6]]
}

graph r4_8_9e7 {
    0; 1; 2; 3; 4; 5; 6; 7; 8; 9;
    0 -- 7; 0 -- 8; 0 -- 9; 1 -- 7; 1 -- 8; 1 -- 9; 2 -- 7; 2 -- 8;
    2 -- 9; 3 -- 7; 3 -- 8; 3 -- 9; 4 -- 7; 4 -- 8; 4 -- 9; 5 -- 7;
    5 -- 8; 5 -- 9; 6 -- 7; 6 -- 8; 6 -- 9;
    [[7, 8, 9], [7, 8, 9], [7, 8, 9], [7, 8, 9], [7, 8, 9], [7, 8, 9], [7, 8, 9], [0, 1, 2, 3, 4, 5, 6], [0, 1, 2, 3, 4, 5, 6], [0, 1, 2, 3, 4, 5, 6]]
}

R^BIP_4(8,9) = 11
7 extremal graph(s)
running time:0.8896212577819824sec
