Finding R^BIP_4(9,7)

Order & number of counterexample graphs:
0 1
1 1
2 2
3 3
4 7
5 13
6 35
7 79
8 223
9 113
10 7
11 0

7 extremal graph(s):

graph r4_9_7e1 {
    0; 1; 2; 3; 4; 5; 6; 7; 8; 9;
    0 -- 8; 0 -- 9; 1 -- 8; 1 -- 9; 2 -- 8; 2 -- 9; 3 -- 8; 3 -- 9;
    4 -- 8; 5 -- 9; 6 -- 9;
    [[8, 9], [8, 9], [8, 9], [8, 9], [8], [9], [9], [], [0, 1, 2, 3, 4], [0, 1, 2, 3, 5, 6]]
}

graph r4_9_7e2 {
    0; 1; 2; 3; 4; 5; 6; 7; 8; 9;
    0 -- 8; 0 -- 9; 1 -- 8; 1 -- 9; 2 -- 8; 2 -- 9; 3 -- 8; 4 -- 8;
    5 -- 9; 6 -- 9; 7 -- 9;
    [[8, 9], [8, 9], [8, 9], [8], [8], [9], [9], [9], [0, 1, 2, 3, 4], [0, 1, 2, 5, 6, 7]]
}

graph r4_9_7e3 {
    0; 1; 2; 3; 4; 5; 6; 7; 8; 9;
    0 -- 8; 0 -- 9; 1 -- 8; 1 -- 9; 2 -- 8; 2 -- 9; 3 -- 8; 3 -- 9;
    4 -- 8; 5 -- 9; 6 -- 9; 7 -- 9;
    [[8, 9], [8, 9], [8, 9], [8, 9], [8], [9], [9], [9], [0, 1, 2, 3, 4], [0, 1, 2, 3, 5, 6, 7]]
}

graph r4_9_7e4 {
    0; 1; 2; 3; 4; 5; 6; 7; 8; 9;
    0 -- 8; 0 -- 9; 1 -- 8; 1 -- 9; 2 -- 8; 2 -- 9; 3 -- 8; 3 -- 9;
    4 -- 8; 5 -- 8; 6 -- 9; 7 -- 9;
    [[8, 9], [8, 9], [8, 9], [8, 9], [8], [8], [9], [9], [0, 1, 2, 3, 4, 5], [0, 1, 2, 3, 6, 7]]
}

graph r4_9_7e5 {
    0; 1; 2; 3; 4; 5; 6; 7; 8; 9;
    0 -- 7; 0 -- 8; 0 -- 9; 1 -- 8; 1 -- 9; 2 -- 8; 2 -- 9; 3 -- 8;
    3 -- 9; 4 -- 8; 5 -- 9; 6 -- 9;
    [[7, 8, 9], [8, 9], [8, 9], [8, 9], [8], [9], [9], [0], [0, 1, 2, 3, 4], [0, 1, 2, 3, 5, 6]]
}

graph r4_9_7e6 {
    0; 1; 2; 3; 4; 5; 6; 7; 8; 9;
    0 -- 7; 0 -- 8; 1 -- 8; 1 -- 9; 2 -- 8; 2 -- 9; 3 -- 8; 3 -- 9;
    4 -- 8; 4 -- 9; 5 -- 9; 6 -- 9;
    [[7, 8], [8, 9], [8, 9], [8, 9], [8, 9], [9], [9], [0], [0, 1, 2, 3, 4], [1, 2, 3, 4, 5, 6]]
}

graph r4_9_7e7 {
    0; 1; 2; 3; 4; 5; 6; 7; 8; 9;
    0 -- 7; 0 -- 9; 1 -- 8; 1 -- 9; 2 -- 8; 2 -- 9; 3 -- 8; 3 -- 9;
    4 -- 8; 4 -- 9; 5 -- 8; 6 -- 9;
    [[7, 9], [8, 9], [8, 9], [8, 9], [8, 9], [8], [9], [0], [1, 2, 3, 4, 5], [0, 1, 2, 3, 4, 6]]
}

R^BIP_4(9,7) = 11
7 extremal graph(s)
running time:5.139273405075073sec
