Finding R^BIP_4(8,8)

Order & number of counterexample graphs:
0 1
1 1
2 2
3 3
4 7
5 13
6 35
7 88
8 46
9 20
10 1
11 0

1 extremal graph(s):

graph r4_8_8e1 {
    0; 1; 2; 3; 4; 5; 6; 7; 8; 9;
    0 -- 7; 0 -- 8; 0 -- 9; 1 -- 7; 1 -- 8; 1 -- 9; 2 -- 7; 2 -- 8;
    2 -- 9; 3 -- 7; 3 -- 8; 3 -- 9; 4 -- 7; 4 -- 9; 5 -- 8; 5 -- 9;
    6 -- 8; 6 -- 9;
    [[7, 8, 9], [7, 8, 9], [7, 8, 9], [7, 8, 9], [7, 9], [8, 9], [8, 9], [0, 1, 2, 3, 4], [0, 1, 2, 3, 5, 6], [0, 1, 2, 3, 4, 5, 6]]
}

R^BIP_4(8,8) = 11
1 extremal graph(s)
running time:0.7050890922546387sec
