Finding R^BIP_4(9,8)

Order & number of counterexample graphs:
0 1
1 1
2 2
3 3
4 7
5 13
6 35
7 88
8 297
9 308
10 195
11 29
12 0

29 extremal graph(s):

graph r4_9_8e1 {
    0; 1; 2; 3; 4; 5; 6; 7; 8; 9; 10;
    0 -- 8; 0 -- 9; 0 -- 10; 1 -- 8; 1 -- 9; 1 -- 10; 2 -- 8; 2 -- 9;
    2 -- 10; 3 -- 8; 3 -- 9; 3 -- 10; 4 -- 8; 4 -- 9; 5 -- 9; 5 -- 10;
    6 -- 10; 7 -- 10;
    [[8, 9, 10], [8, 9, 10], [8, 9, 10], [8, 9, 10], [8, 9], [9, 10], [10], [10], [0, 1, 2, 3, 4], [0, 1, 2, 3, 4, 5], [0, 1, 2, 3, 5, 6, 7]]
}

graph r4_9_8e2 {
    0; 1; 2; 3; 4; 5; 6; 7; 8; 9; 10;
    0 -- 8; 0 -- 9; 0 -- 10; 1 -- 8; 1 -- 9; 1 -- 10; 2 -- 8; 2 -- 9;
    2 -- 10; 3 -- 8; 3 -- 9; 3 -- 10; 4 -- 8; 4 -- 10; 5 -- 9; 5 -- 10;
    6 -- 9; 6 -- 10;
    [[8, 9, 10], [8, 9, 10], [8, 9, 10], [8, 9, 10], [8, 10], [9, 10], [9, 10], [], [0, 1, 2, 3, 4], [0, 1, 2, 3, 5, 6], [0, 1, 2, 3, 4, 5, 6]]
}

graph r4_9_8e3 {
    0; 1; 2; 3; 4; 5; 6; 7; 8; 9; 10;
    0 -- 8; 0 -- 9; 0 -- 10; 1 -- 8; 1 -- 9; 1 -- 10; 2 -- 8; 2 -- 9;
    2 -- 10; 3 -- 8; 3 -- 9; 3 -- 10; 4 -- 8; 4 -- 10; 5 -- 9; 5 -- 10;
    6 -- 9; 7 -- 10;
    [[8, 9, 10], [8, 9, 10], [8, 9, 10], [8, 9, 10], [8, 10], [9, 10], [9], [10], [0, 1, 2, 3, 4], [0, 1, 2, 3, 5, 6], [0, 1, 2, 3, 4, 5, 7]]
}

graph r4_9_8e4 {
    0; 1; 2; 3; 4; 5; 6; 7; 8; 9; 10;
    0 -- 8; 0 -- 9; 0 -- 10; 1 -- 8; 1 -- 9; 1 -- 10; 2 -- 8; 2 -- 9;
    2 -- 10; 3 -- 8; 3 -- 9; 3 -- 10; 4 -- 8; 5 -- 9; 5 -- 10; 6 -- 9;
    6 -- 10; 7 -- 10;
    [[8, 9, 10], [8, 9, 10], [8, 9, 10], [8, 9, 10], [8], [9, 10], [9, 10], [10], [0, 1, 2, 3, 4], [0, 1, 2, 3, 5, 6], [0, 1, 2, 3, 5, 6, 7]]
}

graph r4_9_8e5 {
    0; 1; 2; 3; 4; 5; 6; 7; 8; 9; 10;
    0 -- 8; 0 -- 9; 0 -- 10; 1 -- 8; 1 -- 9; 1 -- 10; 2 -- 8; 2 -- 9;
    2 -- 10; 3 -- 8; 3 -- 9; 4 -- 8; 4 -- 10; 5 -- 9; 5 -- 10; 6 -- 9;
    6 -- 10; 7 -- 10;
    [[8, 9, 10], [8, 9, 10], [8, 9, 10], [8, 9], [8, 10], [9, 10], [9, 10], [10], [0, 1, 2, 3, 4], [0, 1, 2, 3, 5, 6], [0, 1, 2, 4, 5, 6, 7]]
}

graph r4_9_8e6 {
    0; 1; 2; 3; 4; 5; 6; 7; 8; 9; 10;
    0 -- 8; 0 -- 9; 0 -- 10; 1 -- 8; 1 -- 9; 1 -- 10; 2 -- 8; 2 -- 9;
    2 -- 10; 3 -- 8; 3 -- 9; 3 -- 10; 4 -- 8; 4 -- 10; 5 -- 9; 5 -- 10;
    6 -- 9; 6 -- 10; 7 -- 10;
    [[8, 9, 10], [8, 9, 10], [8, 9, 10], [8, 9, 10], [8, 10], [9, 10], [9, 10], [10], [0, 1, 2, 3, 4], [0, 1, 2, 3, 5, 6], [0, 1, 2, 3, 4, 5, 6, 7]]
}

graph r4_9_8e7 {
    0; 1; 2; 3; 4; 5; 6; 7; 8; 9; 10;
    0 -- 8; 0 -- 9; 0 -- 10; 1 -- 8; 1 -- 9; 1 -- 10; 2 -- 8; 2 -- 9;
    2 -- 10; 3 -- 8; 3 -- 10; 4 -- 8; 4 -- 10; 5 -- 9; 5 -- 10; 6 -- 9;
    6 -- 10; 7 -- 9;
    [[8, 9, 10], [8, 9, 10], [8, 9, 10], [8, 10], [8, 10], [9, 10], [9, 10], [9], [0, 1, 2, 3, 4], [0, 1, 2, 5, 6, 7], [0, 1, 2, 3, 4, 5, 6]]
}

graph r4_9_8e8 {
    0; 1; 2; 3; 4; 5; 6; 7; 8; 9; 10;
    0 -- 8; 0 -- 9; 0 -- 10; 1 -- 8; 1 -- 9; 1 -- 10; 2 -- 8; 2 -- 9;
    2 -- 10; 3 -- 8; 3 -- 10; 4 -- 8; 5 -- 9; 5 -- 10; 6 -- 9; 6 -- 10;
    7 -- 9; 7 -- 10;
    [[8, 9, 10], [8, 9, 10], [8, 9, 10], [8, 10], [8], [9, 10], [9, 10], [9, 10], [0, 1, 2, 3, 4], [0, 1, 2, 5, 6, 7], [0, 1, 2, 3, 5, 6, 7]]
}

graph r4_9_8e9 {
    0; 1; 2; 3; 4; 5; 6; 7; 8; 9; 10;
    0 -- 8; 0 -- 9; 0 -- 10; 1 -- 8; 1 -- 9; 1 -- 10; 2 -- 8; 2 -- 9;
    3 -- 8; 3 -- 10; 4 -- 8; 4 -- 10; 5 -- 9; 5 -- 10; 6 -- 9; 6 -- 10;
    7 -- 9; 7 -- 10;
    [[8, 9, 10], [8, 9, 10], [8, 9], [8, 10], [8, 10], [9, 10], [9, 10], [9, 10], [0, 1, 2, 3, 4], [0, 1, 2, 5, 6, 7], [0, 1, 3, 4, 5, 6, 7]]
}

graph r4_9_8e10 {
    0; 1; 2; 3; 4; 5; 6; 7; 8; 9; 10;
    0 -- 8; 0 -- 9; 0 -- 10; 1 -- 8; 1 -- 9; 1 -- 10; 2 -- 8; 2 -- 9;
    2 -- 10; 3 -- 8; 3 -- 10; 4 -- 8; 4 -- 10; 5 -- 9; 5 -- 10; 6 -- 9;
    6 -- 10; 7 -- 9; 7 -- 10;
    [[8, 9, 10], [8, 9, 10], [8, 9, 10], [8, 10], [8, 10], [9, 10], [9, 10], [9, 10], [0, 1, 2, 3, 4], [0, 1, 2, 5, 6, 7], [0, 1, 2, 3, 4, 5, 6, 7]]
}

graph r4_9_8e11 {
    0; 1; 2; 3; 4; 5; 6; 7; 8; 9; 10;
    0 -- 8; 0 -- 9; 0 -- 10; 1 -- 8; 1 -- 9; 1 -- 10; 2 -- 8; 2 -- 9;
    2 -- 10; 3 -- 8; 3 -- 9; 3 -- 10; 4 -- 8; 4 -- 9; 5 -- 9; 5 -- 10;
    6 -- 9; 6 -- 10; 7 -- 10;
    [[8, 9, 10], [8, 9, 10], [8, 9, 10], [8, 9, 10], [8, 9], [9, 10], [9, 10], [10], [0, 1, 2, 3, 4], [0, 1, 2, 3, 4, 5, 6], [0, 1, 2, 3, 5, 6, 7]]
}

graph r4_9_8e12 {
    0; 1; 2; 3; 4; 5; 6; 7; 8; 9; 10;
    0 -- 8; 0 -- 9; 0 -- 10; 1 -- 8; 1 -- 9; 1 -- 10; 2 -- 8; 2 -- 9;
    2 -- 10; 3 -- 8; 3 -- 9; 3 -- 10; 4 -- 8; 5 -- 9; 5 -- 10; 6 -- 9;
    6 -- 10; 7 -- 9; 7 -- 10;
    [[8, 9, 10], [8, 9, 10], [8, 9, 10], [8, 9, 10], [8], [9, 10], [9, 10], [9, 10], [0, 1, 2, 3, 4], [0, 1, 2, 3, 5, 6, 7], [0, 1, 2, 3, 5, 6, 7]]
}

graph r4_9_8e13 {
    0; 1; 2; 3; 4; 5; 6; 7; 8; 9; 10;
    0 -- 8; 0 -- 9; 0 -- 10; 1 -- 8; 1 -- 9; 1 -- 10; 2 -- 8; 2 -- 9;
    2 -- 10; 3 -- 8; 3 -- 9; 4 -- 8; 4 -- 10; 5 -- 9; 5 -- 10; 6 -- 9;
    6 -- 10; 7 -- 9; 7 -- 10;
    [[8, 9, 10], [8, 9, 10], [8, 9, 10], [8, 9], [8, 10], [9, 10], [9, 10], [9, 10], [0, 1, 2, 3, 4], [0, 1, 2, 3, 5, 6, 7], [0, 1, 2, 4, 5, 6, 7]]
}

graph r4_9_8e14 {
    0; 1; 2; 3; 4; 5; 6; 7; 8; 9; 10;
    0 -- 8; 0 -- 9; 0 -- 10; 1 -- 8; 1 -- 9; 1 -- 10; 2 -- 8; 2 -- 9;
    2 -- 10; 3 -- 8; 3 -- 9; 3 -- 10; 4 -- 8; 4 -- 10; 5 -- 9; 5 -- 10;
    6 -- 9; 6 -- 10; 7 -- 9; 7 -- 10;
    [[8, 9, 10], [8, 9, 10], [8, 9, 10], [8, 9, 10], [8, 10], [9, 10], [9, 10], [9, 10], [0, 1, 2, 3, 4], [0, 1, 2, 3, 5, 6, 7], [0, 1, 2, 3, 4, 5, 6, 7]]
}

graph r4_9_8e15 {
    0; 1; 2; 3; 4; 5; 6; 7; 8; 9; 10;
    0 -- 8; 0 -- 9; 0 -- 10; 1 -- 8; 1 -- 9; 1 -- 10; 2 -- 8; 2 -- 9;
    2 -- 10; 3 -- 8; 3 -- 9; 3 -- 10; 4 -- 8; 4 -- 9; 5 -- 8; 5 -- 10;
    6 -- 9; 6 -- 10; 7 -- 10;
    [[8, 9, 10], [8, 9, 10], [8, 9, 10], [8, 9, 10], [8, 9], [8, 10], [9, 10], [10], [0, 1, 2, 3, 4, 5], [0, 1, 2, 3, 4, 6], [0, 1, 2, 3, 5, 6, 7]]
}

graph r4_9_8e16 {
    0; 1; 2; 3; 4; 5; 6; 7; 8; 9; 10;
    0 -- 8; 0 -- 9; 0 -- 10; 1 -- 8; 1 -- 9; 1 -- 10; 2 -- 8; 2 -- 9;
    2 -- 10; 3 -- 8; 3 -- 9; 3 -- 10; 4 -- 8; 4 -- 10; 5 -- 8; 5 -- 10;
    6 -- 9; 6 -- 10; 7 -- 9;
    [[8, 9, 10], [8, 9, 10], [8, 9, 10], [8, 9, 10], [8, 10], [8, 10], [9, 10], [9], [0, 1, 2, 3, 4, 5], [0, 1, 2, 3, 6, 7], [0, 1, 2, 3, 4, 5, 6]]
}

graph r4_9_8e17 {
    0; 1; 2; 3; 4; 5; 6; 7; 8; 9; 10;
    0 -- 8; 0 -- 9; 0 -- 10; 1 -- 8; 1 -- 9; 1 -- 10; 2 -- 8; 2 -- 9;
    2 -- 10; 3 -- 8; 3 -- 9; 4 -- 8; 4 -- 10; 5 -- 8; 5 -- 10; 6 -- 9;
    6 -- 10; 7 -- 9; 7 -- 10;
    [[8, 9, 10], [8, 9, 10], [8, 9, 10], [8, 9], [8, 10], [8, 10], [9, 10], [9, 10], [0, 1, 2, 3, 4, 5], [0, 1, 2, 3, 6, 7], [0, 1, 2, 4, 5, 6, 7]]
}

graph r4_9_8e18 {
    0; 1; 2; 3; 4; 5; 6; 7; 8; 9; 10;
    0 -- 8; 0 -- 9; 0 -- 10; 1 -- 8; 1 -- 9; 1 -- 10; 2 -- 8; 2 -- 9;
    2 -- 10; 3 -- 8; 3 -- 9; 3 -- 10; 4 -- 8; 4 -- 10; 5 -- 8; 5 -- 10;
    6 -- 9; 6 -- 10; 7 -- 9; 7 -- 10;
    [[8, 9, 10], [8, 9, 10], [8, 9, 10], [8, 9, 10], [8, 10], [8, 10], [9, 10], [9, 10], [0, 1, 2, 3, 4, 5], [0, 1, 2, 3, 6, 7], [0, 1, 2, 3, 4, 5, 6, 7]]
}

graph r4_9_8e19 {
    0; 1; 2; 3; 4; 5; 6; 7; 8; 9; 10;
    0 -- 8; 0 -- 9; 0 -- 10; 1 -- 8; 1 -- 9; 1 -- 10; 2 -- 8; 2 -- 9;
    2 -- 10; 3 -- 8; 3 -- 9; 3 -- 10; 4 -- 8; 4 -- 9; 5 -- 8; 5 -- 10;
    6 -- 9; 6 -- 10; 7 -- 9; 7 -- 10;
    [[8, 9, 10], [8, 9, 10], [8, 9, 10], [8, 9, 10], [8, 9], [8, 10], [9, 10], [9, 10], [0, 1, 2, 3, 4, 5], [0, 1, 2, 3, 4, 6, 7], [0, 1, 2, 3, 5, 6, 7]]
}

graph r4_9_8e20 {
    0; 1; 2; 3; 4; 5; 6; 7; 8; 9; 10;
    0 -- 7; 0 -- 8; 0 -- 9; 0 -- 10; 1 -- 8; 1 -- 9; 1 -- 10; 2 -- 8;
    2 -- 9; 2 -- 10; 3 -- 8; 3 -- 9; 3 -- 10; 4 -- 8; 4 -- 10; 5 -- 9;
    5 -- 10; 6 -- 9; 6 -- 10;
    [[7, 8, 9, 10], [8, 9, 10], [8, 9, 10], [8, 9, 10], [8, 10], [9, 10], [9, 10], [0], [0, 1, 2, 3, 4], [0, 1, 2, 3, 5, 6], [0, 1, 2, 3, 4, 5, 6]]
}

graph r4_9_8e21 {
    0; 1; 2; 3; 4; 5; 6; 7; 8; 9; 10;
    0 -- 7; 0 -- 8; 0 -- 10; 1 -- 8; 1 -- 9; 1 -- 10; 2 -- 8; 2 -- 9;
    2 -- 10; 3 -- 8; 3 -- 9; 3 -- 10; 4 -- 8; 4 -- 9; 4 -- 10; 5 -- 9;
    5 -- 10; 6 -- 9; 6 -- 10;
    [[7, 8, 10], [8, 9, 10], [8, 9, 10], [8, 9, 10], [8, 9, 10], [9, 10], [9, 10], [0], [0, 1, 2, 3, 4], [1, 2, 3, 4, 5, 6], [0, 1, 2, 3, 4, 5, 6]]
}

graph r4_9_8e22 {
    0; 1; 2; 3; 4; 5; 6; 7; 8; 9; 10;
    0 -- 7; 0 -- 9; 0 -- 10; 1 -- 8; 1 -- 9; 1 -- 10; 2 -- 8; 2 -- 9;
    2 -- 10; 3 -- 8; 3 -- 9; 3 -- 10; 4 -- 8; 4 -- 9; 4 -- 10; 5 -- 8;
    5 -- 10; 6 -- 9; 6 -- 10;
    [[7, 9, 10], [8, 9, 10], [8, 9, 10], [8, 9, 10], [8, 9, 10], [8, 10], [9, 10], [0], [1, 2, 3, 4, 5], [0, 1, 2, 3, 4, 6], [0, 1, 2, 3, 4, 5, 6]]
}

graph r4_9_8e23 {
    0; 1; 2; 3; 4; 5; 6; 7; 8; 9; 10;
    0 -- 7; 0 -- 8; 0 -- 9; 0 -- 10; 1 -- 7; 1 -- 8; 1 -- 9; 1 -- 10;
    2 -- 8; 2 -- 9; 2 -- 10; 3 -- 8; 3 -- 9; 3 -- 10; 4 -- 8; 4 -- 10;
    5 -- 9; 5 -- 10; 6 -- 9; 6 -- 10;
    [[7, 8, 9, 10], [7, 8, 9, 10], [8, 9, 10], [8, 9, 10], [8, 10], [9, 10], [9, 10], [0, 1], [0, 1, 2, 3, 4], [0, 1, 2, 3, 5, 6], [0, 1, 2, 3, 4, 5, 6]]
}

graph r4_9_8e24 {
    0; 1; 2; 3; 4; 5; 6; 7; 8; 9; 10;
    0 -- 7; 0 -- 8; 0 -- 9; 0 -- 10; 1 -- 7; 1 -- 8; 1 -- 10; 2 -- 8;
    2 -- 9; 2 -- 10; 3 -- 8; 3 -- 9; 3 -- 10; 4 -- 8; 4 -- 9; 4 -- 10;
    5 -- 9; 5 -- 10; 6 -- 9; 6 -- 10;
    [[7, 8, 9, 10], [7, 8, 10], [8, 9, 10], [8, 9, 10], [8, 9, 10], [9, 10], [9, 10], [0, 1], [0, 1, 2, 3, 4], [0, 2, 3, 4, 5, 6], [0, 1, 2, 3, 4, 5, 6]]
}

graph r4_9_8e25 {
    0; 1; 2; 3; 4; 5; 6; 7; 8; 9; 10;
    0 -- 7; 0 -- 8; 0 -- 9; 0 -- 10; 1 -- 7; 1 -- 9; 1 -- 10; 2 -- 8;
    2 -- 9; 2 -- 10; 3 -- 8; 3 -- 9; 3 -- 10; 4 -- 8; 4 -- 9; 4 -- 10;
    5 -- 8; 5 -- 10; 6 -- 9; 6 -- 10;
    [[7, 8, 9, 10], [7, 9, 10], [8, 9, 10], [8, 9, 10], [8, 9, 10], [8, 10], [9, 10], [0, 1], [0, 2, 3, 4, 5], [0, 1, 2, 3, 4, 6], [0, 1, 2, 3, 4, 5, 6]]
}

graph r4_9_8e26 {
    0; 1; 2; 3; 4; 5; 6; 7; 8; 9; 10;
    0 -- 7; 0 -- 8; 0 -- 10; 1 -- 7; 1 -- 9; 1 -- 10; 2 -- 8; 2 -- 9;
    2 -- 10; 3 -- 8; 3 -- 9; 3 -- 10; 4 -- 8; 4 -- 9; 4 -- 10; 5 -- 8;
    5 -- 9; 5 -- 10; 6 -- 9; 6 -- 10;
    [[7, 8, 10], [7, 9, 10], [8, 9, 10], [8, 9, 10], [8, 9, 10], [8, 9, 10], [9, 10], [0, 1], [0, 2, 3, 4, 5], [1, 2, 3, 4, 5, 6], [0, 1, 2, 3, 4, 5, 6]]
}

graph r4_9_8e27 {
    0; 1; 2; 3; 4; 5; 6; 7; 8; 9; 10;
    0 -- 7; 0 -- 9; 0 -- 10; 1 -- 7; 1 -- 9; 1 -- 10; 2 -- 8; 2 -- 9;
    2 -- 10; 3 -- 8; 3 -- 9; 3 -- 10; 4 -- 8; 4 -- 9; 4 -- 10; 5 -- 8;
    5 -- 9; 5 -- 10; 6 -- 8; 6 -- 10;
    [[7, 9, 10], [7, 9, 10], [8, 9, 10], [8, 9, 10], [8, 9, 10], [8, 9, 10], [8, 10], [0, 1], [2, 3, 4, 5, 6], [0, 1, 2, 3, 4, 5], [0, 1, 2, 3, 4, 5, 6]]
}

graph r4_9_8e28 {
    0; 1; 2; 3; 4; 5; 6; 7; 8; 9; 10;
    0 -- 7; 0 -- 8; 0 -- 9; 0 -- 10; 1 -- 7; 1 -- 9; 1 -- 10; 2 -- 7;
    2 -- 9; 2 -- 10; 3 -- 8; 3 -- 9; 3 -- 10; 4 -- 8; 4 -- 9; 4 -- 10;
    5 -- 8; 5 -- 9; 5 -- 10; 6 -- 8; 6 -- 10;
    [[7, 8, 9, 10], [7, 9, 10], [7, 9, 10], [8, 9, 10], [8, 9, 10], [8, 9, 10], [8, 10], [0, 1, 2], [0, 3, 4, 5, 6], [0, 1, 2, 3, 4, 5], [0, 1, 2, 3, 4, 5, 6]]
}

graph r4_9_8e29 {
    0; 1; 2; 3; 4; 5; 6; 7; 8; 9; 10;
    0 -- 7; 0 -- 8; 0 -- 10; 1 -- 7; 1 -- 9; 1 -- 10; 2 -- 7; 2 -- 9;
    2 -- 10; 3 -- 8; 3 -- 9; 3 -- 10; 4 -- 8; 4 -- 9; 4 -- 10; 5 -- 8;
    5 -- 9; 5 -- 10; 6 -- 8; 6 -- 9; 6 -- 10;
    [[7, 8, 10], [7, 9, 10], [7, 9, 10], [8, 9, 10], [8, 9, 10], [8, 9, 10], [8, 9, 10], [0, 1, 2], [0, 3, 4, 5, 6], [1, 2, 3, 4, 5, 6], [0, 1, 2, 3, 4, 5, 6]]
}

R^BIP_4(9,8) = 12
29 extremal graph(s)
running time:19.529526233673096sec
