Finding R^BIP_4(7,10)

Order & number of counterexample graphs:
0 1
1 1
2 2
3 3
4 7
5 13
6 35
7 7
8 2
9 0

2 extremal graph(s):

graph r4_7_10e1 {
    0; 1; 2; 3; 4; 5; 6; 7;
    0 -- 6; 0 -- 7; 1 -- 6; 1 -- 7; 2 -- 6; 2 -- 7; 3 -- 6; 3 -- 7;
    4 -- 6; 4 -- 7; 5 -- 7;
    [[6, 7], [6, 7], [6, 7], [6, 7], [6, 7], [7], [0, 1, 2, 3, 4], [0, 1, 2, 3, 4, 5]]
}

graph r4_7_10e2 {
    0; 1; 2; 3; 4; 5; 6; 7;
    0 -- 6; 0 -- 7; 1 -- 6; 1 -- 7; 2 -- 6; 2 -- 7; 3 -- 6; 3 -- 7;
    4 -- 6; 4 -- 7; 5 -- 6; 5 -- 7;
    [[6, 7], [6, 7], [6, 7], [6, 7], [6, 7], [6, 7], [0, 1, 2, 3, 4, 5], [0, 1, 2, 3, 4, 5]]
}

R^BIP_4(7,10) = 9
2 extremal graph(s)
running time:0.0578460693359375sec
