Finding R^BIP_4(7,7)

Order & number of counterexample graphs:
0 1
1 1
2 2
3 3
4 7
5 13
6 35
7 6
8 0

6 extremal graph(s):

graph r4_7_7e1 {
    0; 1; 2; 3; 4; 5; 6;
    0 -- 6; 1 -- 6; 2 -- 6; 3 -- 6; 4 -- 6;
    [[6], [6], [6], [6], [6], [], [0, 1, 2, 3, 4]]
}

graph r4_7_7e2 {
    0; 1; 2; 3; 4; 5; 6;
    0 -- 6; 1 -- 6; 2 -- 6; 3 -- 6; 4 -- 6; 5 -- 6;
    [[6], [6], [6], [6], [6], [6], [0, 1, 2, 3, 4, 5]]
}

graph r4_7_7e3 {
    0; 1; 2; 3; 4; 5; 6;
    0 -- 5; 0 -- 6; 1 -- 6; 2 -- 6; 3 -- 6; 4 -- 6;
    [[5, 6], [6], [6], [6], [6], [0], [0, 1, 2, 3, 4]]
}

graph r4_7_7e4 {
    0; 1; 2; 3; 4; 5; 6;
    0 -- 5; 0 -- 6; 1 -- 5; 1 -- 6; 2 -- 6; 3 -- 6; 4 -- 6;
    [[5, 6], [5, 6], [6], [6], [6], [0, 1], [0, 1, 2, 3, 4]]
}

graph r4_7_7e5 {
    0; 1; 2; 3; 4; 5; 6;
    0 -- 5; 0 -- 6; 1 -- 5; 1 -- 6; 2 -- 5; 2 -- 6; 3 -- 6; 4 -- 6;
    [[5, 6], [5, 6], [5, 6], [6], [6], [0, 1, 2], [0, 1, 2, 3, 4]]
}

graph r4_7_7e6 {
    0; 1; 2; 3; 4; 5; 6;
    0 -- 5; 0 -- 6; 1 -- 5; 1 -- 6; 2 -- 5; 2 -- 6; 3 -- 5; 3 -- 6;
    4 -- 6;
    [[5, 6], [5, 6], [5, 6], [5, 6], [6], [0, 1, 2, 3], [0, 1, 2, 3, 4]]
}

R^BIP_4(7,7) = 8
6 extremal graph(s)
running time:0.05881834030151367sec
