Finding R^PG_2(9,5)

Order & number of counterexample graphs:
0 1
1 1
2 2
3 4
4 11
5 23
6 64
7 173
8 558
9 1810
10 5062
11 5098
12 754
13 9
14 2
15 0

2 extremal graph(s):

graph r2_9_5e1 {
    0; 1; 2; 3; 4; 5; 6; 7; 8; 9; 10; 11; 12; 13;
    0 -- 7; 0 -- 8; 0 -- 9; 0 -- 10; 1 -- 7; 1 -- 8; 1 -- 11; 1 -- 12;
    2 -- 7; 2 -- 9; 2 -- 11; 2 -- 13; 3 -- 8; 3 -- 9; 3 -- 12; 3 -- 13;
    4 -- 8; 4 -- 10; 4 -- 11; 4 -- 13; 5 -- 9; 5 -- 10; 5 -- 11;
    5 -- 12; 6 -- 10; 6 -- 12; 6 -- 13;
    [[7, 8, 9, 10], [7, 8, 11, 12], [7, 9, 11, 13], [8, 9, 12, 13], [8, 10, 11, 13], [9, 10, 11, 12], [10, 12, 13], [0, 1, 2], [0, 1, 3, 4], [0, 2, 3, 5], [0, 4, 5, 6], [1, 2, 4, 5], [1, 3, 5, 6], [2, 3, 4, 6]]
}

graph r2_9_5e2 {
    0; 1; 2; 3; 4; 5; 6; 7; 8; 9; 10; 11; 12; 13;
    0 -- 7; 0 -- 8; 0 -- 9; 0 -- 10; 1 -- 7; 1 -- 8; 1 -- 11; 1 -- 12;
    2 -- 7; 2 -- 9; 2 -- 11; 2 -- 13; 3 -- 7; 3 -- 10; 3 -- 12; 3 -- 13;
    4 -- 8; 4 -- 9; 4 -- 12; 4 -- 13; 5 -- 8; 5 -- 10; 5 -- 11; 5 -- 13;
    6 -- 9; 6 -- 10; 6 -- 11; 6 -- 12;
    [[7, 8, 9, 10], [7, 8, 11, 12], [7, 9, 11, 13], [7, 10, 12, 13], [8, 9, 12, 13], [8, 10, 11, 13], [9, 10, 11, 12], [0, 1, 2, 3], [0, 1, 4, 5], [0, 2, 4, 6], [0, 3, 5, 6], [1, 2, 5, 6], [1, 3, 4, 6], [2, 3, 4, 5]]
}

R^PG_2(9,5) = 15
2 extremal graph(s)
running time:17940.736010074615sec
