Finding R^PG_2(8,5)

Order & number of counterexample graphs:
0 1
1 1
2 2
3 4
4 11
5 23
6 64
7 173
8 517
9 935
10 393
11 6
12 0

6 extremal graph(s):

graph r2_8_5e1 {
    0; 1; 2; 3; 4; 5; 6; 7; 8; 9; 10;
    0 -- 7; 0 -- 8; 1 -- 7; 1 -- 8; 2 -- 7; 2 -- 9; 3 -- 8; 3 -- 10;
    4 -- 8; 4 -- 10; 5 -- 9; 5 -- 10; 6 -- 9; 6 -- 10; 7 -- 9; 8 -- 10;
    [[7, 8], [7, 8], [7, 9], [8, 10], [8, 10], [9, 10], [9, 10], [0, 1, 2, 9], [0, 1, 3, 4, 10], [2, 5, 6, 7], [3, 4, 5, 6, 8]]
}

graph r2_8_5e2 {
    0; 1; 2; 3; 4; 5; 6; 7; 8; 9; 10;
    0 -- 6; 0 -- 8; 0 -- 10; 1 -- 7; 1 -- 8; 2 -- 7; 2 -- 8; 3 -- 7;
    3 -- 9; 4 -- 9; 4 -- 10; 5 -- 9; 5 -- 10; 6 -- 8; 6 -- 10; 7 -- 9;
    8 -- 10;
    [[6, 8, 10], [7, 8], [7, 8], [7, 9], [9, 10], [9, 10], [0, 8, 10], [1, 2, 3, 9], [0, 1, 2, 6, 10], [3, 4, 5, 7], [0, 4, 5, 6, 8]]
}

graph r2_8_5e3 {
    0; 1; 2; 3; 4; 5; 6; 7; 8; 9; 10;
    0 -- 6; 0 -- 7; 1 -- 6; 1 -- 8; 1 -- 9; 2 -- 7; 2 -- 10; 3 -- 7;
    3 -- 10; 4 -- 8; 4 -- 10; 5 -- 9; 6 -- 8; 6 -- 9; 7 -- 10; 8 -- 9;
    [[6, 7], [6, 8, 9], [7, 10], [7, 10], [8, 10], [9], [0, 1, 8, 9], [0, 2, 3, 10], [1, 4, 6, 9], [1, 5, 6, 8], [2, 3, 4, 7]]
}

graph r2_8_5e4 {
    0; 1; 2; 3; 4; 5; 6; 7; 8; 9; 10;
    0 -- 5; 0 -- 6; 0 -- 7; 0 -- 9; 1 -- 6; 1 -- 8; 1 -- 10; 2 -- 7;
    2 -- 8; 3 -- 8; 3 -- 10; 4 -- 9; 4 -- 10; 5 -- 7; 5 -- 9; 7 -- 9;
    8 -- 10;
    [[5, 6, 7, 9], [6, 8, 10], [7, 8], [8, 10], [9, 10], [0, 7, 9], [0, 1], [0, 2, 5, 9], [1, 2, 3, 10], [0, 4, 5, 7], [1, 3, 4, 8]]
}

graph r2_8_5e5 {
    0; 1; 2; 3; 4; 5; 6; 7; 8; 9; 10;
    0 -- 5; 0 -- 7; 0 -- 9; 1 -- 6; 1 -- 7; 2 -- 6; 2 -- 8; 2 -- 10;
    3 -- 8; 3 -- 9; 4 -- 10; 5 -- 7; 5 -- 9; 6 -- 8; 6 -- 10; 7 -- 9;
    8 -- 10;
    [[5, 7, 9], [6, 7], [6, 8, 10], [8, 9], [10], [0, 7, 9], [1, 2, 8, 10], [0, 1, 5, 9], [2, 3, 6, 10], [0, 3, 5, 7], [2, 4, 6, 8]]
}

graph r2_8_5e6 {
    0; 1; 2; 3; 4; 5; 6; 7; 8; 9; 10;
    0 -- 5; 0 -- 6; 1 -- 5; 1 -- 7; 1 -- 9; 2 -- 6; 2 -- 8; 2 -- 10;
    3 -- 7; 3 -- 8; 4 -- 9; 4 -- 10; 5 -- 7; 5 -- 9; 6 -- 8; 6 -- 10;
    7 -- 9; 8 -- 10;
    [[5, 6], [5, 7, 9], [6, 8, 10], [7, 8], [9, 10], [0, 1, 7, 9], [0, 2, 8, 10], [1, 3, 5, 9], [2, 3, 6, 10], [1, 4, 5, 7], [2, 4, 6, 8]]
}

R^PG_2(8,5) = 12
6 extremal graph(s)
running time:215.52271938323975sec
