Finding R^PG_2(6,6)

Order & number of counterexample graphs:
0 1
1 1
2 2
3 4
4 11
5 33
6 112
7 408
8 514
9 2
10 0

2 extremal graph(s):

graph r2_6_6e1 {
    0; 1; 2; 3; 4; 5; 6; 7; 8;
    0 -- 5; 0 -- 6; 0 -- 7; 0 -- 8; 1 -- 5; 1 -- 6; 2 -- 5; 2 -- 6;
    3 -- 7; 3 -- 8; 4 -- 7; 4 -- 8; 5 -- 6; 5 -- 7; 5 -- 8; 6 -- 7;
    6 -- 8; 7 -- 8;
    [[5, 6, 7, 8], [5, 6], [5, 6], [7, 8], [7, 8], [0, 1, 2, 6, 7, 8], [0, 1, 2, 5, 7, 8], [0, 3, 4, 5, 6, 8], [0, 3, 4, 5, 6, 7]]
}

graph r2_6_6e2 {
    0; 1; 2; 3; 4; 5; 6; 7; 8;
    0 -- 5; 0 -- 6; 0 -- 7; 0 -- 8; 1 -- 5; 1 -- 6; 2 -- 5; 2 -- 7;
    3 -- 6; 3 -- 8; 4 -- 7; 4 -- 8; 5 -- 6; 5 -- 7; 5 -- 8; 6 -- 7;
    6 -- 8; 7 -- 8;
    [[5, 6, 7, 8], [5, 6], [5, 7], [6, 8], [7, 8], [0, 1, 2, 6, 7, 8], [0, 1, 3, 5, 7, 8], [0, 2, 4, 5, 6, 8], [0, 3, 4, 5, 6, 7]]
}

R^PG_2(6,6) = 10
2 extremal graph(s)
running time:19.15339183807373sec
