Finding R^PG_2(6,5)

Order & number of counterexample graphs:
0 1
1 1
2 2
3 4
4 11
5 23
6 46
7 13
8 0

13 extremal graph(s):

graph r2_6_5e1 {
    0; 1; 2; 3; 4; 5; 6;
    0 -- 5; 0 -- 6; 1 -- 5; 1 -- 6; 2 -- 5; 3 -- 6; 4 -- 6;
    [[5, 6], [5, 6], [5], [6], [6], [0, 1, 2], [0, 1, 3, 4]]
}

graph r2_6_5e2 {
    0; 1; 2; 3; 4; 5; 6;
    0 -- 5; 0 -- 6; 1 -- 5; 1 -- 6; 2 -- 5; 3 -- 6; 5 -- 6;
    [[5, 6], [5, 6], [5], [6], [], [0, 1, 2, 6], [0, 1, 3, 5]]
}

graph r2_6_5e3 {
    0; 1; 2; 3; 4; 5; 6;
    0 -- 5; 0 -- 6; 1 -- 5; 2 -- 5; 3 -- 6; 4 -- 6; 5 -- 6;
    [[5, 6], [5], [5], [6], [6], [0, 1, 2, 6], [0, 3, 4, 5]]
}

graph r2_6_5e4 {
    0; 1; 2; 3; 4; 5; 6;
    0 -- 5; 0 -- 6; 1 -- 5; 1 -- 6; 2 -- 5; 3 -- 6; 4 -- 6; 5 -- 6;
    [[5, 6], [5, 6], [5], [6], [6], [0, 1, 2, 6], [0, 1, 3, 4, 5]]
}

graph r2_6_5e5 {
    0; 1; 2; 3; 4; 5; 6;
    0 -- 4; 0 -- 5; 0 -- 6; 1 -- 5; 1 -- 6; 2 -- 5; 3 -- 6; 5 -- 6;
    [[4, 5, 6], [5, 6], [5], [6], [0], [0, 1, 2, 6], [0, 1, 3, 5]]
}

graph r2_6_5e6 {
    0; 1; 2; 3; 4; 5; 6;
    0 -- 4; 0 -- 5; 0 -- 6; 1 -- 5; 2 -- 5; 3 -- 6; 4 -- 6; 5 -- 6;
    [[4, 5, 6], [5], [5], [6], [0, 6], [0, 1, 2, 6], [0, 3, 4, 5]]
}

graph r2_6_5e7 {
    0; 1; 2; 3; 4; 5; 6;
    0 -- 4; 0 -- 5; 1 -- 5; 1 -- 6; 2 -- 5; 2 -- 6; 3 -- 6; 5 -- 6;
    [[4, 5], [5, 6], [5, 6], [6], [0], [0, 1, 2, 6], [1, 2, 3, 5]]
}

graph r2_6_5e8 {
    0; 1; 2; 3; 4; 5; 6;
    0 -- 4; 0 -- 5; 0 -- 6; 1 -- 5; 2 -- 6; 3 -- 6; 4 -- 5; 4 -- 6;
    [[4, 5, 6], [5], [6], [6], [0, 5, 6], [0, 1, 4], [0, 2, 3, 4]]
}

graph r2_6_5e9 {
    0; 1; 2; 3; 4; 5; 6;
    0 -- 4; 0 -- 5; 0 -- 6; 1 -- 5; 2 -- 6; 4 -- 5; 4 -- 6; 5 -- 6;
    [[4, 5, 6], [5], [6], [], [0, 5, 6], [0, 1, 4, 6], [0, 2, 4, 5]]
}

graph r2_6_5e10 {
    0; 1; 2; 3; 4; 5; 6;
    0 -- 4; 0 -- 5; 0 -- 6; 1 -- 5; 2 -- 6; 3 -- 6; 4 -- 5; 4 -- 6;
    5 -- 6;
    [[4, 5, 6], [5], [6], [6], [0, 5, 6], [0, 1, 4, 6], [0, 2, 3, 4, 5]]
}

graph r2_6_5e11 {
    0; 1; 2; 3; 4; 5; 6;
    0 -- 4; 0 -- 6; 1 -- 5; 1 -- 6; 2 -- 5; 2 -- 6; 3 -- 5; 4 -- 6;
    [[4, 6], [5, 6], [5, 6], [5], [0, 6], [1, 2, 3], [0, 1, 2, 4]]
}

graph r2_6_5e12 {
    0; 1; 2; 3; 4; 5; 6;
    0 -- 4; 0 -- 5; 0 -- 6; 1 -- 4; 2 -- 5; 3 -- 6; 4 -- 5; 4 -- 6;
    5 -- 6;
    [[4, 5, 6], [4], [5], [6], [0, 1, 5, 6], [0, 2, 4, 6], [0, 3, 4, 5]]
}

graph r2_6_5e13 {
    0; 1; 2; 3; 4; 5; 6;
    0 -- 3; 0 -- 5; 0 -- 6; 1 -- 4; 1 -- 5; 2 -- 6; 3 -- 5; 3 -- 6;
    5 -- 6;
    [[3, 5, 6], [4, 5], [6], [0, 5, 6], [1], [0, 1, 3, 6], [0, 2, 3, 5]]
}

R^PG_2(6,5) = 8
13 extremal graph(s)
running time:0.19350838661193848sec
