Finding R^PG_2(7,6)

Order & number of counterexample graphs:
0 1
1 1
2 2
3 4
4 11
5 33
6 130
7 631
8 3676
9 14377
10 10696
11 762
12 7
13 0

7 extremal graph(s):

graph r2_7_6e1 {
    0; 1; 2; 3; 4; 5; 6; 7; 8; 9; 10; 11;
    0 -- 5; 0 -- 6; 0 -- 8; 1 -- 6; 1 -- 8; 1 -- 10; 1 -- 11; 2 -- 6;
    2 -- 8; 2 -- 10; 2 -- 11; 3 -- 7; 3 -- 9; 3 -- 10; 3 -- 11; 4 -- 7;
    4 -- 9; 4 -- 10; 4 -- 11; 5 -- 7; 5 -- 9; 6 -- 8; 6 -- 10; 7 -- 9;
    7 -- 11; 8 -- 10; 9 -- 11;
    [[5, 6, 8], [6, 8, 10, 11], [6, 8, 10, 11], [7, 9, 10, 11], [7, 9, 10, 11], [0, 7, 9], [0, 1, 2, 8, 10], [3, 4, 5, 9, 11], [0, 1, 2, 6, 10], [3, 4, 5, 7, 11], [1, 2, 3, 4, 6, 8], [1, 2, 3, 4, 7, 9]]
}

graph r2_7_6e2 {
    0; 1; 2; 3; 4; 5; 6; 7; 8; 9; 10; 11;
    0 -- 5; 0 -- 7; 0 -- 8; 0 -- 9; 0 -- 10; 1 -- 6; 1 -- 7; 1 -- 8;
    1 -- 10; 1 -- 11; 2 -- 6; 2 -- 7; 2 -- 8; 2 -- 11; 3 -- 6; 3 -- 9;
    3 -- 10; 3 -- 11; 4 -- 7; 4 -- 9; 4 -- 10; 4 -- 11; 5 -- 8; 5 -- 9;
    5 -- 10; 6 -- 11;
    [[5, 7, 8, 9, 10], [6, 7, 8, 10, 11], [6, 7, 8, 11], [6, 9, 10, 11], [7, 9, 10, 11], [0, 8, 9, 10], [1, 2, 3, 11], [0, 1, 2, 4], [0, 1, 2, 5], [0, 3, 4, 5], [0, 1, 3, 4, 5], [1, 2, 3, 4, 6]]
}

graph r2_7_6e3 {
    0; 1; 2; 3; 4; 5; 6; 7; 8; 9; 10; 11;
    0 -- 5; 0 -- 7; 0 -- 8; 0 -- 9; 0 -- 11; 1 -- 6; 1 -- 7; 1 -- 8;
    1 -- 10; 1 -- 11; 2 -- 6; 2 -- 7; 2 -- 8; 2 -- 10; 3 -- 6; 3 -- 9;
    3 -- 10; 3 -- 11; 4 -- 7; 4 -- 9; 4 -- 10; 4 -- 11; 5 -- 8; 5 -- 9;
    5 -- 11; 6 -- 10; 9 -- 11;
    [[5, 7, 8, 9, 11], [6, 7, 8, 10, 11], [6, 7, 8, 10], [6, 9, 10, 11], [7, 9, 10, 11], [0, 8, 9, 11], [1, 2, 3, 10], [0, 1, 2, 4], [0, 1, 2, 5], [0, 3, 4, 5, 11], [1, 2, 3, 4, 6], [0, 1, 3, 4, 5, 9]]
}

graph r2_7_6e4 {
    0; 1; 2; 3; 4; 5; 6; 7; 8; 9; 10; 11;
    0 -- 5; 0 -- 7; 0 -- 8; 0 -- 9; 0 -- 10; 1 -- 6; 1 -- 7; 1 -- 8;
    1 -- 9; 1 -- 11; 2 -- 6; 2 -- 7; 2 -- 8; 2 -- 10; 2 -- 11; 3 -- 6;
    3 -- 9; 3 -- 10; 3 -- 11; 4 -- 7; 4 -- 9; 4 -- 10; 4 -- 11; 5 -- 8;
    5 -- 9; 5 -- 10; 6 -- 11;
    [[5, 7, 8, 9, 10], [6, 7, 8, 9, 11], [6, 7, 8, 10, 11], [6, 9, 10, 11], [7, 9, 10, 11], [0, 8, 9, 10], [1, 2, 3, 11], [0, 1, 2, 4], [0, 1, 2, 5], [0, 1, 3, 4, 5], [0, 2, 3, 4, 5], [1, 2, 3, 4, 6]]
}

graph r2_7_6e5 {
    0; 1; 2; 3; 4; 5; 6; 7; 8; 9; 10; 11;
    0 -- 4; 0 -- 6; 0 -- 8; 0 -- 10; 0 -- 11; 1 -- 5; 1 -- 6; 1 -- 8;
    2 -- 7; 2 -- 9; 2 -- 10; 2 -- 11; 3 -- 7; 3 -- 9; 3 -- 10; 3 -- 11;
    4 -- 6; 4 -- 8; 4 -- 10; 4 -- 11; 5 -- 7; 5 -- 9; 6 -- 8; 6 -- 10;
    7 -- 9; 7 -- 11; 8 -- 10; 9 -- 11;
    [[4, 6, 8, 10, 11], [5, 6, 8], [7, 9, 10, 11], [7, 9, 10, 11], [0, 6, 8, 10, 11], [1, 7, 9], [0, 1, 4, 8, 10], [2, 3, 5, 9, 11], [0, 1, 4, 6, 10], [2, 3, 5, 7, 11], [0, 2, 3, 4, 6, 8], [0, 2, 3, 4, 7, 9]]
}

graph r2_7_6e6 {
    0; 1; 2; 3; 4; 5; 6; 7; 8; 9; 10; 11;
    0 -- 4; 0 -- 6; 0 -- 7; 0 -- 8; 0 -- 10; 1 -- 5; 1 -- 7; 1 -- 8;
    1 -- 9; 1 -- 11; 2 -- 6; 2 -- 9; 2 -- 10; 2 -- 11; 3 -- 7; 3 -- 9;
    3 -- 10; 3 -- 11; 4 -- 6; 4 -- 7; 4 -- 8; 4 -- 10; 5 -- 8; 5 -- 9;
    5 -- 11; 6 -- 10; 9 -- 11;
    [[4, 6, 7, 8, 10], [5, 7, 8, 9, 11], [6, 9, 10, 11], [7, 9, 10, 11], [0, 6, 7, 8, 10], [1, 8, 9, 11], [0, 2, 4, 10], [0, 1, 3, 4], [0, 1, 4, 5], [1, 2, 3, 5, 11], [0, 2, 3, 4, 6], [1, 2, 3, 5, 9]]
}

graph r2_7_6e7 {
    0; 1; 2; 3; 4; 5; 6; 7; 8; 9; 10; 11;
    0 -- 4; 0 -- 6; 0 -- 7; 0 -- 8; 0 -- 10; 0 -- 11; 1 -- 5; 1 -- 7;
    1 -- 8; 1 -- 9; 1 -- 11; 2 -- 6; 2 -- 9; 2 -- 10; 2 -- 11; 3 -- 7;
    3 -- 9; 3 -- 10; 3 -- 11; 4 -- 6; 4 -- 7; 4 -- 8; 4 -- 10; 5 -- 8;
    5 -- 9; 5 -- 11; 6 -- 10; 9 -- 11;
    [[4, 6, 7, 8, 10, 11], [5, 7, 8, 9, 11], [6, 9, 10, 11], [7, 9, 10, 11], [0, 6, 7, 8, 10], [1, 8, 9, 11], [0, 2, 4, 10], [0, 1, 3, 4], [0, 1, 4, 5], [1, 2, 3, 5, 11], [0, 2, 3, 4, 6], [0, 1, 2, 3, 5, 9]]
}

R^PG_2(7,6) = 13
7 extremal graph(s)
running time:13700.358439207077sec
