Finding R^PG_2(4,6)

Order & number of counterexample graphs:
0 1
1 1
2 2
3 4
4 4
5 4
6 0

4 extremal graph(s):

graph r2_4_6e1 {
    0; 1; 2; 3; 4;
    0 -- 3; 0 -- 4; 1 -- 3; 1 -- 4; 2 -- 3; 2 -- 4; 3 -- 4;
    [[3, 4], [3, 4], [3, 4], [0, 1, 2, 4], [0, 1, 2, 3]]
}

graph r2_4_6e2 {
    0; 1; 2; 3; 4;
    0 -- 2; 0 -- 3; 0 -- 4; 1 -- 3; 1 -- 4; 2 -- 3; 2 -- 4; 3 -- 4;
    [[2, 3, 4], [3, 4], [0, 3, 4], [0, 1, 2, 4], [0, 1, 2, 3]]
}

graph r2_4_6e3 {
    0; 1; 2; 3; 4;
    0 -- 2; 0 -- 3; 0 -- 4; 1 -- 2; 1 -- 3; 1 -- 4; 2 -- 3; 2 -- 4;
    3 -- 4;
    [[2, 3, 4], [2, 3, 4], [0, 1, 3, 4], [0, 1, 2, 4], [0, 1, 2, 3]]
}

graph r2_4_6e4 {
    0; 1; 2; 3; 4;
    0 -- 1; 0 -- 2; 0 -- 3; 0 -- 4; 1 -- 2; 1 -- 3; 1 -- 4; 2 -- 3;
    2 -- 4; 3 -- 4;
    [[1, 2, 3, 4], [0, 2, 3, 4], [0, 1, 3, 4], [0, 1, 2, 4], [0, 1, 2, 3]]
}

R^PG_2(4,6) = 6
4 extremal graph(s)
running time:0.007969141006469727sec
