Finding R^PG_2(7,5)

Order & number of counterexample graphs:
0 1
1 1
2 2
3 4
4 11
5 23
6 64
7 147
8 163
9 16
10 0

16 extremal graph(s):

graph r2_7_5e1 {
    0; 1; 2; 3; 4; 5; 6; 7; 8;
    0 -- 6; 0 -- 8; 1 -- 6; 1 -- 8; 2 -- 6; 3 -- 7; 3 -- 8; 4 -- 7;
    4 -- 8; 5 -- 7; 6 -- 8;
    [[6, 8], [6, 8], [6], [7, 8], [7, 8], [7], [0, 1, 2, 8], [3, 4, 5], [0, 1, 3, 4, 6]]
}

graph r2_7_5e2 {
    0; 1; 2; 3; 4; 5; 6; 7; 8;
    0 -- 6; 0 -- 7; 1 -- 6; 1 -- 7; 2 -- 6; 2 -- 8; 3 -- 7; 3 -- 8;
    4 -- 7; 4 -- 8; 5 -- 8;
    [[6, 7], [6, 7], [6, 8], [7, 8], [7, 8], [8], [0, 1, 2], [0, 1, 3, 4], [2, 3, 4, 5]]
}

graph r2_7_5e3 {
    0; 1; 2; 3; 4; 5; 6; 7; 8;
    0 -- 6; 0 -- 7; 1 -- 6; 1 -- 7; 2 -- 6; 2 -- 8; 3 -- 6; 3 -- 8;
    4 -- 7; 4 -- 8; 5 -- 7; 5 -- 8;
    [[6, 7], [6, 7], [6, 8], [6, 8], [7, 8], [7, 8], [0, 1, 2, 3], [0, 1, 4, 5], [2, 3, 4, 5]]
}

graph r2_7_5e4 {
    0; 1; 2; 3; 4; 5; 6; 7; 8;
    0 -- 5; 0 -- 6; 1 -- 6; 1 -- 8; 2 -- 6; 2 -- 8; 3 -- 7; 3 -- 8;
    4 -- 7; 4 -- 8; 5 -- 7; 6 -- 8;
    [[5, 6], [6, 8], [6, 8], [7, 8], [7, 8], [0, 7], [0, 1, 2, 8], [3, 4, 5], [1, 2, 3, 4, 6]]
}

graph r2_7_5e5 {
    0; 1; 2; 3; 4; 5; 6; 7; 8;
    0 -- 5; 0 -- 6; 0 -- 7; 1 -- 6; 1 -- 8; 2 -- 6; 2 -- 8; 3 -- 7;
    3 -- 8; 4 -- 7; 4 -- 8; 5 -- 7;
    [[5, 6, 7], [6, 8], [6, 8], [7, 8], [7, 8], [0, 7], [0, 1, 2], [0, 3, 4, 5], [1, 2, 3, 4]]
}

graph r2_7_5e6 {
    0; 1; 2; 3; 4; 5; 6; 7; 8;
    0 -- 5; 0 -- 6; 0 -- 8; 1 -- 6; 2 -- 7; 2 -- 8; 3 -- 7; 3 -- 8;
    4 -- 7; 5 -- 6; 5 -- 8; 6 -- 8;
    [[5, 6, 8], [6], [7, 8], [7, 8], [7], [0, 6, 8], [0, 1, 5, 8], [2, 3, 4], [0, 2, 3, 5, 6]]
}

graph r2_7_5e7 {
    0; 1; 2; 3; 4; 5; 6; 7; 8;
    0 -- 5; 0 -- 6; 0 -- 7; 1 -- 6; 1 -- 8; 2 -- 7; 2 -- 8; 3 -- 7;
    3 -- 8; 4 -- 8; 5 -- 6; 5 -- 7;
    [[5, 6, 7], [6, 8], [7, 8], [7, 8], [8], [0, 6, 7], [0, 1, 5], [0, 2, 3, 5], [1, 2, 3, 4]]
}

graph r2_7_5e8 {
    0; 1; 2; 3; 4; 5; 6; 7; 8;
    0 -- 5; 0 -- 7; 0 -- 8; 1 -- 6; 1 -- 7; 2 -- 6; 2 -- 7; 3 -- 6;
    3 -- 8; 4 -- 8; 5 -- 7; 5 -- 8;
    [[5, 7, 8], [6, 7], [6, 7], [6, 8], [8], [0, 7, 8], [1, 2, 3], [0, 1, 2, 5], [0, 3, 4, 5]]
}

graph r2_7_5e9 {
    0; 1; 2; 3; 4; 5; 6; 7; 8;
    0 -- 5; 0 -- 6; 0 -- 7; 1 -- 6; 1 -- 8; 2 -- 6; 2 -- 8; 3 -- 7;
    3 -- 8; 4 -- 7; 4 -- 8; 5 -- 6; 5 -- 7;
    [[5, 6, 7], [6, 8], [6, 8], [7, 8], [7, 8], [0, 6, 7], [0, 1, 2, 5], [0, 3, 4, 5], [1, 2, 3, 4]]
}

graph r2_7_5e10 {
    0; 1; 2; 3; 4; 5; 6; 7; 8;
    0 -- 5; 0 -- 6; 1 -- 5; 1 -- 6; 2 -- 6; 2 -- 8; 3 -- 7; 3 -- 8;
    4 -- 7; 4 -- 8; 5 -- 7; 6 -- 8;
    [[5, 6], [5, 6], [6, 8], [7, 8], [7, 8], [0, 1, 7], [0, 1, 2, 8], [3, 4, 5], [2, 3, 4, 6]]
}

graph r2_7_5e11 {
    0; 1; 2; 3; 4; 5; 6; 7; 8;
    0 -- 5; 0 -- 6; 1 -- 5; 1 -- 7; 2 -- 6; 2 -- 8; 3 -- 6; 3 -- 8;
    4 -- 7; 4 -- 8; 5 -- 7; 6 -- 8;
    [[5, 6], [5, 7], [6, 8], [6, 8], [7, 8], [0, 1, 7], [0, 2, 3, 8], [1, 4, 5], [2, 3, 4, 6]]
}

graph r2_7_5e12 {
    0; 1; 2; 3; 4; 5; 6; 7; 8;
    0 -- 4; 0 -- 6; 0 -- 8; 1 -- 5; 1 -- 6; 2 -- 7; 2 -- 8; 3 -- 7;
    3 -- 8; 4 -- 6; 4 -- 8; 5 -- 7; 6 -- 8;
    [[4, 6, 8], [5, 6], [7, 8], [7, 8], [0, 6, 8], [1, 7], [0, 1, 4, 8], [2, 3, 5], [0, 2, 3, 4, 6]]
}

graph r2_7_5e13 {
    0; 1; 2; 3; 4; 5; 6; 7; 8;
    0 -- 4; 0 -- 6; 0 -- 7; 1 -- 5; 1 -- 6; 1 -- 8; 2 -- 7; 2 -- 8;
    3 -- 7; 3 -- 8; 4 -- 6; 4 -- 7; 5 -- 8;
    [[4, 6, 7], [5, 6, 8], [7, 8], [7, 8], [0, 6, 7], [1, 8], [0, 1, 4], [0, 2, 3, 4], [1, 2, 3, 5]]
}

graph r2_7_5e14 {
    0; 1; 2; 3; 4; 5; 6; 7; 8;
    0 -- 4; 0 -- 5; 0 -- 6; 1 -- 5; 1 -- 6; 1 -- 7; 2 -- 7; 2 -- 8;
    3 -- 7; 3 -- 8; 4 -- 8; 5 -- 6; 7 -- 8;
    [[4, 5, 6], [5, 6, 7], [7, 8], [7, 8], [0, 8], [0, 1, 6], [0, 1, 5], [1, 2, 3, 8], [2, 3, 4, 7]]
}

graph r2_7_5e15 {
    0; 1; 2; 3; 4; 5; 6; 7; 8;
    0 -- 4; 0 -- 6; 0 -- 8; 1 -- 5; 1 -- 6; 2 -- 5; 2 -- 7; 3 -- 7;
    3 -- 8; 4 -- 6; 4 -- 8; 5 -- 7; 6 -- 8;
    [[4, 6, 8], [5, 6], [5, 7], [7, 8], [0, 6, 8], [1, 2, 7], [0, 1, 4, 8], [2, 3, 5], [0, 3, 4, 6]]
}

graph r2_7_5e16 {
    0; 1; 2; 3; 4; 5; 6; 7; 8;
    0 -- 3; 0 -- 5; 0 -- 6; 1 -- 4; 1 -- 7; 1 -- 8; 2 -- 5; 2 -- 6;
    2 -- 7; 3 -- 8; 4 -- 7; 4 -- 8; 5 -- 6; 7 -- 8;
    [[3, 5, 6], [4, 7, 8], [5, 6, 7], [0, 8], [1, 7, 8], [0, 2, 6], [0, 2, 5], [1, 2, 4, 8], [1, 3, 4, 7]]
}

R^PG_2(7,5) = 10
16 extremal graph(s)
running time:7.8784449100494385sec
