Finding R^PG_4(10,7)

Order & number of counterexample graphs:
0 1
1 1
2 2
3 4
4 11
5 33
6 148
7 501
8 1810
9 6029
10 13262
11 2760
12 4
13 0

4 extremal graph(s):

graph r4_10_7e1 {
    0; 1; 2; 3; 4; 5; 6; 7; 8; 9; 10; 11;
    0 -- 9; 0 -- 10; 0 -- 11; 1 -- 9; 1 -- 10; 1 -- 11; 2 -- 9; 2 -- 10;
    2 -- 11; 3 -- 9; 4 -- 9; 5 -- 10; 6 -- 10; 7 -- 11; 8 -- 11;
    9 -- 10; 9 -- 11; 10 -- 11;
    [[9, 10, 11], [9, 10, 11], [9, 10, 11], [9], [9], [10], [10], [11], [11], [0, 1, 2, 3, 4, 10, 11], [0, 1, 2, 5, 6, 9, 11], [0, 1, 2, 7, 8, 9, 10]]
}

graph r4_10_7e2 {
    0; 1; 2; 3; 4; 5; 6; 7; 8; 9; 10; 11;
    0 -- 8; 0 -- 9; 0 -- 10; 0 -- 11; 1 -- 9; 1 -- 10; 1 -- 11; 2 -- 9;
    3 -- 9; 4 -- 10; 5 -- 10; 6 -- 11; 7 -- 11; 8 -- 9; 8 -- 10;
    8 -- 11; 9 -- 10; 9 -- 11; 10 -- 11;
    [[8, 9, 10, 11], [9, 10, 11], [9], [9], [10], [10], [11], [11], [0, 9, 10, 11], [0, 1, 2, 3, 8, 10, 11], [0, 1, 4, 5, 8, 9, 11], [0, 1, 6, 7, 8, 9, 10]]
}

graph r4_10_7e3 {
    0; 1; 2; 3; 4; 5; 6; 7; 8; 9; 10; 11;
    0 -- 8; 0 -- 9; 0 -- 10; 0 -- 11; 1 -- 8; 1 -- 9; 1 -- 10; 1 -- 11;
    2 -- 9; 3 -- 9; 4 -- 10; 5 -- 10; 6 -- 11; 7 -- 11; 8 -- 9; 8 -- 10;
    8 -- 11; 9 -- 10; 9 -- 11; 10 -- 11;
    [[8, 9, 10, 11], [8, 9, 10, 11], [9], [9], [10], [10], [11], [11], [0, 1, 9, 10, 11], [0, 1, 2, 3, 8, 10, 11], [0, 1, 4, 5, 8, 9, 11], [0, 1, 6, 7, 8, 9, 10]]
}

graph r4_10_7e4 {
    0; 1; 2; 3; 4; 5; 6; 7; 8; 9; 10; 11;
    0 -- 7; 0 -- 8; 0 -- 9; 0 -- 10; 0 -- 11; 1 -- 9; 2 -- 9; 3 -- 10;
    4 -- 10; 5 -- 11; 6 -- 11; 7 -- 8; 7 -- 9; 7 -- 10; 7 -- 11; 8 -- 9;
    8 -- 10; 8 -- 11; 9 -- 10; 9 -- 11; 10 -- 11;
    [[7, 8, 9, 10, 11], [9], [9], [10], [10], [11], [11], [0, 8, 9, 10, 11], [0, 7, 9, 10, 11], [0, 1, 2, 7, 8, 10, 11], [0, 3, 4, 7, 8, 9, 11], [0, 5, 6, 7, 8, 9, 10]]
}

R^PG_4(10,7) = 13
4 extremal graph(s)
running time:5329.245495796204sec
