Finding R^PG_4(7,7)

Order & number of counterexample graphs:
0 1
1 1
2 2
3 4
4 11
5 33
6 148
7 186
8 11
9 0

11 extremal graph(s):

graph r4_7_7e1 {
    0; 1; 2; 3; 4; 5; 6; 7;
    0 -- 6; 0 -- 7; 1 -- 6; 1 -- 7; 2 -- 6; 2 -- 7; 3 -- 6; 3 -- 7;
    4 -- 6; 5 -- 7; 6 -- 7;
    [[6, 7], [6, 7], [6, 7], [6, 7], [6], [7], [0, 1, 2, 3, 4, 7], [0, 1, 2, 3, 5, 6]]
}

graph r4_7_7e2 {
    0; 1; 2; 3; 4; 5; 6; 7;
    0 -- 5; 0 -- 6; 0 -- 7; 1 -- 6; 1 -- 7; 2 -- 6; 2 -- 7; 3 -- 6;
    4 -- 7; 5 -- 6; 5 -- 7; 6 -- 7;
    [[5, 6, 7], [6, 7], [6, 7], [6], [7], [0, 6, 7], [0, 1, 2, 3, 5, 7], [0, 1, 2, 4, 5, 6]]
}

graph r4_7_7e3 {
    0; 1; 2; 3; 4; 5; 6; 7;
    0 -- 5; 0 -- 6; 0 -- 7; 1 -- 5; 1 -- 6; 1 -- 7; 2 -- 6; 2 -- 7;
    3 -- 6; 4 -- 7; 5 -- 6; 5 -- 7; 6 -- 7;
    [[5, 6, 7], [5, 6, 7], [6, 7], [6], [7], [0, 1, 6, 7], [0, 1, 2, 3, 5, 7], [0, 1, 2, 4, 5, 6]]
}

graph r4_7_7e4 {
    0; 1; 2; 3; 4; 5; 6; 7;
    0 -- 5; 0 -- 6; 0 -- 7; 1 -- 5; 1 -- 6; 1 -- 7; 2 -- 5; 2 -- 6;
    2 -- 7; 3 -- 6; 4 -- 7; 5 -- 6; 5 -- 7; 6 -- 7;
    [[5, 6, 7], [5, 6, 7], [5, 6, 7], [6], [7], [0, 1, 2, 6, 7], [0, 1, 2, 3, 5, 7], [0, 1, 2, 4, 5, 6]]
}

graph r4_7_7e5 {
    0; 1; 2; 3; 4; 5; 6; 7;
    0 -- 4; 0 -- 6; 0 -- 7; 1 -- 5; 1 -- 6; 1 -- 7; 2 -- 6; 3 -- 7;
    4 -- 6; 4 -- 7; 5 -- 6; 5 -- 7; 6 -- 7;
    [[4, 6, 7], [5, 6, 7], [6], [7], [0, 6, 7], [1, 6, 7], [0, 1, 2, 4, 5, 7], [0, 1, 3, 4, 5, 6]]
}

graph r4_7_7e6 {
    0; 1; 2; 3; 4; 5; 6; 7;
    0 -- 4; 0 -- 5; 0 -- 6; 0 -- 7; 1 -- 5; 1 -- 6; 1 -- 7; 2 -- 6;
    3 -- 7; 4 -- 6; 4 -- 7; 5 -- 6; 5 -- 7; 6 -- 7;
    [[4, 5, 6, 7], [5, 6, 7], [6], [7], [0, 6, 7], [0, 1, 6, 7], [0, 1, 2, 4, 5, 7], [0, 1, 3, 4, 5, 6]]
}

graph r4_7_7e7 {
    0; 1; 2; 3; 4; 5; 6; 7;
    0 -- 4; 0 -- 5; 0 -- 6; 0 -- 7; 1 -- 6; 1 -- 7; 2 -- 6; 3 -- 7;
    4 -- 5; 4 -- 6; 4 -- 7; 5 -- 6; 5 -- 7; 6 -- 7;
    [[4, 5, 6, 7], [6, 7], [6], [7], [0, 5, 6, 7], [0, 4, 6, 7], [0, 1, 2, 4, 5, 7], [0, 1, 3, 4, 5, 6]]
}

graph r4_7_7e8 {
    0; 1; 2; 3; 4; 5; 6; 7;
    0 -- 4; 0 -- 5; 0 -- 6; 0 -- 7; 1 -- 5; 1 -- 6; 1 -- 7; 2 -- 6;
    3 -- 7; 4 -- 5; 4 -- 6; 4 -- 7; 5 -- 6; 5 -- 7; 6 -- 7;
    [[4, 5, 6, 7], [5, 6, 7], [6], [7], [0, 5, 6, 7], [0, 1, 4, 6, 7], [0, 1, 2, 4, 5, 7], [0, 1, 3, 4, 5, 6]]
}

graph r4_7_7e9 {
    0; 1; 2; 3; 4; 5; 6; 7;
    0 -- 4; 0 -- 5; 0 -- 6; 0 -- 7; 1 -- 4; 1 -- 5; 1 -- 6; 1 -- 7;
    2 -- 6; 3 -- 7; 4 -- 6; 4 -- 7; 5 -- 6; 5 -- 7; 6 -- 7;
    [[4, 5, 6, 7], [4, 5, 6, 7], [6], [7], [0, 1, 6, 7], [0, 1, 6, 7], [0, 1, 2, 4, 5, 7], [0, 1, 3, 4, 5, 6]]
}

graph r4_7_7e10 {
    0; 1; 2; 3; 4; 5; 6; 7;
    0 -- 4; 0 -- 5; 0 -- 6; 0 -- 7; 1 -- 4; 1 -- 5; 1 -- 6; 1 -- 7;
    2 -- 6; 3 -- 7; 4 -- 5; 4 -- 6; 4 -- 7; 5 -- 6; 5 -- 7; 6 -- 7;
    [[4, 5, 6, 7], [4, 5, 6, 7], [6], [7], [0, 1, 5, 6, 7], [0, 1, 4, 6, 7], [0, 1, 2, 4, 5, 7], [0, 1, 3, 4, 5, 6]]
}

graph r4_7_7e11 {
    0; 1; 2; 3; 4; 5; 6; 7;
    0 -- 3; 0 -- 4; 0 -- 5; 0 -- 6; 0 -- 7; 1 -- 6; 2 -- 7; 3 -- 4;
    3 -- 5; 3 -- 6; 3 -- 7; 4 -- 5; 4 -- 6; 4 -- 7; 5 -- 6; 5 -- 7;
    6 -- 7;
    [[3, 4, 5, 6, 7], [6], [7], [0, 4, 5, 6, 7], [0, 3, 5, 6, 7], [0, 3, 4, 6, 7], [0, 1, 3, 4, 5, 7], [0, 2, 3, 4, 5, 6]]
}

R^PG_4(7,7) = 9
11 extremal graph(s)
running time:1.3773424625396729sec
