Finding R^PG_4(7,8)

Order & number of counterexample graphs:
0 1
1 1
2 2
3 4
4 11
5 33
6 148
7 501
8 904
9 84
10 0

84 extremal graph(s):

graph r4_7_8e1 {
    0; 1; 2; 3; 4; 5; 6; 7; 8;
    0 -- 6; 0 -- 7; 0 -- 8; 1 -- 6; 1 -- 7; 1 -- 8; 2 -- 6; 2 -- 7;
    2 -- 8; 3 -- 6; 3 -- 7; 3 -- 8; 4 -- 6; 4 -- 7; 5 -- 7; 5 -- 8;
    6 -- 8; 7 -- 8;
    [[6, 7, 8], [6, 7, 8], [6, 7, 8], [6, 7, 8], [6, 7], [7, 8], [0, 1, 2, 3, 4, 8], [0, 1, 2, 3, 4, 5, 8], [0, 1, 2, 3, 5, 6, 7]]
}

graph r4_7_8e2 {
    0; 1; 2; 3; 4; 5; 6; 7; 8;
    0 -- 6; 0 -- 7; 0 -- 8; 1 -- 6; 1 -- 7; 1 -- 8; 2 -- 6; 2 -- 7;
    2 -- 8; 3 -- 6; 3 -- 7; 3 -- 8; 4 -- 6; 4 -- 7; 5 -- 8; 6 -- 7;
    6 -- 8; 7 -- 8;
    [[6, 7, 8], [6, 7, 8], [6, 7, 8], [6, 7, 8], [6, 7], [8], [0, 1, 2, 3, 4, 7, 8], [0, 1, 2, 3, 4, 6, 8], [0, 1, 2, 3, 5, 6, 7]]
}

graph r4_7_8e3 {
    0; 1; 2; 3; 4; 5; 6; 7; 8;
    0 -- 6; 0 -- 7; 0 -- 8; 1 -- 6; 1 -- 7; 1 -- 8; 2 -- 6; 2 -- 7;
    2 -- 8; 3 -- 6; 3 -- 7; 4 -- 6; 4 -- 8; 5 -- 7; 5 -- 8; 6 -- 7;
    6 -- 8; 7 -- 8;
    [[6, 7, 8], [6, 7, 8], [6, 7, 8], [6, 7], [6, 8], [7, 8], [0, 1, 2, 3, 4, 7, 8], [0, 1, 2, 3, 5, 6, 8], [0, 1, 2, 4, 5, 6, 7]]
}

graph r4_7_8e4 {
    0; 1; 2; 3; 4; 5; 6; 7; 8;
    0 -- 6; 0 -- 7; 0 -- 8; 1 -- 6; 1 -- 7; 1 -- 8; 2 -- 6; 2 -- 7;
    2 -- 8; 3 -- 6; 3 -- 7; 3 -- 8; 4 -- 6; 4 -- 8; 5 -- 7; 5 -- 8;
    6 -- 7; 6 -- 8; 7 -- 8;
    [[6, 7, 8], [6, 7, 8], [6, 7, 8], [6, 7, 8], [6, 8], [7, 8], [0, 1, 2, 3, 4, 7, 8], [0, 1, 2, 3, 5, 6, 8], [0, 1, 2, 3, 4, 5, 6, 7]]
}

graph r4_7_8e5 {
    0; 1; 2; 3; 4; 5; 6; 7; 8;
    0 -- 5; 0 -- 6; 0 -- 7; 0 -- 8; 1 -- 6; 1 -- 7; 1 -- 8; 2 -- 6;
    2 -- 7; 2 -- 8; 3 -- 6; 3 -- 7; 3 -- 8; 4 -- 6; 4 -- 7; 5 -- 8;
    6 -- 7; 6 -- 8; 7 -- 8;
    [[5, 6, 7, 8], [6, 7, 8], [6, 7, 8], [6, 7, 8], [6, 7], [0, 8], [0, 1, 2, 3, 4, 7, 8], [0, 1, 2, 3, 4, 6, 8], [0, 1, 2, 3, 5, 6, 7]]
}

graph r4_7_8e6 {
    0; 1; 2; 3; 4; 5; 6; 7; 8;
    0 -- 5; 0 -- 6; 0 -- 7; 1 -- 6; 1 -- 7; 1 -- 8; 2 -- 6; 2 -- 7;
    2 -- 8; 3 -- 6; 3 -- 7; 3 -- 8; 4 -- 6; 4 -- 7; 4 -- 8; 5 -- 8;
    6 -- 7; 6 -- 8; 7 -- 8;
    [[5, 6, 7], [6, 7, 8], [6, 7, 8], [6, 7, 8], [6, 7, 8], [0, 8], [0, 1, 2, 3, 4, 7, 8], [0, 1, 2, 3, 4, 6, 8], [1, 2, 3, 4, 5, 6, 7]]
}

graph r4_7_8e7 {
    0; 1; 2; 3; 4; 5; 6; 7; 8;
    0 -- 5; 0 -- 6; 0 -- 7; 0 -- 8; 1 -- 6; 1 -- 7; 1 -- 8; 2 -- 6;
    2 -- 7; 2 -- 8; 3 -- 6; 3 -- 7; 4 -- 6; 4 -- 8; 5 -- 7; 5 -- 8;
    6 -- 7; 6 -- 8; 7 -- 8;
    [[5, 6, 7, 8], [6, 7, 8], [6, 7, 8], [6, 7], [6, 8], [0, 7, 8], [0, 1, 2, 3, 4, 7, 8], [0, 1, 2, 3, 5, 6, 8], [0, 1, 2, 4, 5, 6, 7]]
}

graph r4_7_8e8 {
    0; 1; 2; 3; 4; 5; 6; 7; 8;
    0 -- 5; 0 -- 6; 0 -- 7; 0 -- 8; 1 -- 6; 1 -- 7; 1 -- 8; 2 -- 6;
    2 -- 7; 2 -- 8; 3 -- 6; 3 -- 7; 4 -- 7; 4 -- 8; 5 -- 6; 5 -- 7;
    5 -- 8; 6 -- 8; 7 -- 8;
    [[5, 6, 7, 8], [6, 7, 8], [6, 7, 8], [6, 7], [7, 8], [0, 6, 7, 8], [0, 1, 2, 3, 5, 8], [0, 1, 2, 3, 4, 5, 8], [0, 1, 2, 4, 5, 6, 7]]
}

graph r4_7_8e9 {
    0; 1; 2; 3; 4; 5; 6; 7; 8;
    0 -- 5; 0 -- 6; 0 -- 7; 0 -- 8; 1 -- 6; 1 -- 7; 1 -- 8; 2 -- 6;
    2 -- 7; 2 -- 8; 3 -- 6; 3 -- 7; 4 -- 8; 5 -- 6; 5 -- 7; 5 -- 8;
    6 -- 7; 6 -- 8; 7 -- 8;
    [[5, 6, 7, 8], [6, 7, 8], [6, 7, 8], [6, 7], [8], [0, 6, 7, 8], [0, 1, 2, 3, 5, 7, 8], [0, 1, 2, 3, 5, 6, 8], [0, 1, 2, 4, 5, 6, 7]]
}

graph r4_7_8e10 {
    0; 1; 2; 3; 4; 5; 6; 7; 8;
    0 -- 5; 0 -- 6; 0 -- 7; 0 -- 8; 1 -- 6; 1 -- 7; 1 -- 8; 2 -- 6;
    2 -- 7; 3 -- 6; 3 -- 8; 4 -- 7; 4 -- 8; 5 -- 6; 5 -- 7; 5 -- 8;
    6 -- 7; 6 -- 8; 7 -- 8;
    [[5, 6, 7, 8], [6, 7, 8], [6, 7], [6, 8], [7, 8], [0, 6, 7, 8], [0, 1, 2, 3, 5, 7, 8], [0, 1, 2, 4, 5, 6, 8], [0, 1, 3, 4, 5, 6, 7]]
}

graph r4_7_8e11 {
    0; 1; 2; 3; 4; 5; 6; 7; 8;
    0 -- 5; 0 -- 6; 0 -- 7; 0 -- 8; 1 -- 6; 1 -- 7; 1 -- 8; 2 -- 6;
    2 -- 7; 2 -- 8; 3 -- 6; 3 -- 8; 4 -- 7; 4 -- 8; 5 -- 6; 5 -- 7;
    5 -- 8; 6 -- 7; 6 -- 8; 7 -- 8;
    [[5, 6, 7, 8], [6, 7, 8], [6, 7, 8], [6, 8], [7, 8], [0, 6, 7, 8], [0, 1, 2, 3, 5, 7, 8], [0, 1, 2, 4, 5, 6, 8], [0, 1, 2, 3, 4, 5, 6, 7]]
}

graph r4_7_8e12 {
    0; 1; 2; 3; 4; 5; 6; 7; 8;
    0 -- 5; 0 -- 6; 0 -- 7; 0 -- 8; 1 -- 5; 1 -- 6; 1 -- 7; 1 -- 8;
    2 -- 6; 2 -- 7; 2 -- 8; 3 -- 6; 3 -- 7; 4 -- 6; 4 -- 8; 5 -- 7;
    5 -- 8; 6 -- 7; 6 -- 8; 7 -- 8;
    [[5, 6, 7, 8], [5, 6, 7, 8], [6, 7, 8], [6, 7], [6, 8], [0, 1, 7, 8], [0, 1, 2, 3, 4, 7, 8], [0, 1, 2, 3, 5, 6, 8], [0, 1, 2, 4, 5, 6, 7]]
}

graph r4_7_8e13 {
    0; 1; 2; 3; 4; 5; 6; 7; 8;
    0 -- 5; 0 -- 6; 0 -- 7; 0 -- 8; 1 -- 5; 1 -- 6; 1 -- 7; 1 -- 8;
    2 -- 6; 2 -- 7; 2 -- 8; 3 -- 6; 3 -- 7; 4 -- 7; 4 -- 8; 5 -- 6;
    5 -- 7; 5 -- 8; 6 -- 8; 7 -- 8;
    [[5, 6, 7, 8], [5, 6, 7, 8], [6, 7, 8], [6, 7], [7, 8], [0, 1, 6, 7, 8], [0, 1, 2, 3, 5, 8], [0, 1, 2, 3, 4, 5, 8], [0, 1, 2, 4, 5, 6, 7]]
}

graph r4_7_8e14 {
    0; 1; 2; 3; 4; 5; 6; 7; 8;
    0 -- 5; 0 -- 6; 0 -- 7; 0 -- 8; 1 -- 5; 1 -- 6; 1 -- 7; 1 -- 8;
    2 -- 6; 2 -- 7; 2 -- 8; 3 -- 6; 3 -- 7; 4 -- 8; 5 -- 6; 5 -- 7;
    5 -- 8; 6 -- 7; 6 -- 8; 7 -- 8;
    [[5, 6, 7, 8], [5, 6, 7, 8], [6, 7, 8], [6, 7], [8], [0, 1, 6, 7, 8], [0, 1, 2, 3, 5, 7, 8], [0, 1, 2, 3, 5, 6, 8], [0, 1, 2, 4, 5, 6, 7]]
}

graph r4_7_8e15 {
    0; 1; 2; 3; 4; 5; 6; 7; 8;
    0 -- 5; 0 -- 6; 0 -- 7; 0 -- 8; 1 -- 5; 1 -- 6; 1 -- 7; 1 -- 8;
    2 -- 6; 2 -- 7; 3 -- 6; 3 -- 8; 4 -- 7; 4 -- 8; 5 -- 6; 5 -- 7;
    5 -- 8; 6 -- 7; 6 -- 8; 7 -- 8;
    [[5, 6, 7, 8], [5, 6, 7, 8], [6, 7], [6, 8], [7, 8], [0, 1, 6, 7, 8], [0, 1, 2, 3, 5, 7, 8], [0, 1, 2, 4, 5, 6, 8], [0, 1, 3, 4, 5, 6, 7]]
}

graph r4_7_8e16 {
    0; 1; 2; 3; 4; 5; 6; 7; 8;
    0 -- 5; 0 -- 6; 0 -- 7; 0 -- 8; 1 -- 5; 1 -- 6; 1 -- 7; 2 -- 6;
    2 -- 7; 2 -- 8; 3 -- 6; 3 -- 8; 4 -- 7; 4 -- 8; 5 -- 6; 5 -- 7;
    5 -- 8; 6 -- 7; 6 -- 8; 7 -- 8;
    [[5, 6, 7, 8], [5, 6, 7], [6, 7, 8], [6, 8], [7, 8], [0, 1, 6, 7, 8], [0, 1, 2, 3, 5, 7, 8], [0, 1, 2, 4, 5, 6, 8], [0, 2, 3, 4, 5, 6, 7]]
}

graph r4_7_8e17 {
    0; 1; 2; 3; 4; 5; 6; 7; 8;
    0 -- 5; 0 -- 6; 0 -- 7; 0 -- 8; 1 -- 5; 1 -- 6; 1 -- 7; 1 -- 8;
    2 -- 6; 2 -- 7; 2 -- 8; 3 -- 6; 3 -- 8; 4 -- 7; 4 -- 8; 5 -- 6;
    5 -- 7; 5 -- 8; 6 -- 7; 6 -- 8; 7 -- 8;
    [[5, 6, 7, 8], [5, 6, 7, 8], [6, 7, 8], [6, 8], [7, 8], [0, 1, 6, 7, 8], [0, 1, 2, 3, 5, 7, 8], [0, 1, 2, 4, 5, 6, 8], [0, 1, 2, 3, 4, 5, 6, 7]]
}

graph r4_7_8e18 {
    0; 1; 2; 3; 4; 5; 6; 7; 8;
    0 -- 5; 0 -- 6; 0 -- 7; 0 -- 8; 1 -- 5; 1 -- 6; 2 -- 6; 2 -- 7;
    2 -- 8; 3 -- 6; 3 -- 7; 3 -- 8; 4 -- 7; 4 -- 8; 5 -- 6; 5 -- 7;
    5 -- 8; 6 -- 7; 6 -- 8; 7 -- 8;
    [[5, 6, 7, 8], [5, 6], [6, 7, 8], [6, 7, 8], [7, 8], [0, 1, 6, 7, 8], [0, 1, 2, 3, 5, 7, 8], [0, 2, 3, 4, 5, 6, 8], [0, 2, 3, 4, 5, 6, 7]]
}

graph r4_7_8e19 {
    0; 1; 2; 3; 4; 5; 6; 7; 8;
    0 -- 5; 0 -- 6; 0 -- 7; 0 -- 8; 1 -- 5; 1 -- 6; 1 -- 7; 1 -- 8;
    2 -- 5; 2 -- 6; 2 -- 7; 2 -- 8; 3 -- 6; 3 -- 7; 4 -- 6; 4 -- 8;
    5 -- 7; 5 -- 8; 6 -- 7; 6 -- 8; 7 -- 8;
    [[5, 6, 7, 8], [5, 6, 7, 8], [5, 6, 7, 8], [6, 7], [6, 8], [0, 1, 2, 7, 8], [0, 1, 2, 3, 4, 7, 8], [0, 1, 2, 3, 5, 6, 8], [0, 1, 2, 4, 5, 6, 7]]
}

graph r4_7_8e20 {
    0; 1; 2; 3; 4; 5; 6; 7; 8;
    0 -- 5; 0 -- 6; 0 -- 7; 0 -- 8; 1 -- 5; 1 -- 6; 1 -- 7; 1 -- 8;
    2 -- 5; 2 -- 6; 2 -- 7; 2 -- 8; 3 -- 6; 3 -- 7; 4 -- 7; 4 -- 8;
    5 -- 6; 5 -- 7; 5 -- 8; 6 -- 8; 7 -- 8;
    [[5, 6, 7, 8], [5, 6, 7, 8], [5, 6, 7, 8], [6, 7], [7, 8], [0, 1, 2, 6, 7, 8], [0, 1, 2, 3, 5, 8], [0, 1, 2, 3, 4, 5, 8], [0, 1, 2, 4, 5, 6, 7]]
}

graph r4_7_8e21 {
    0; 1; 2; 3; 4; 5; 6; 7; 8;
    0 -- 5; 0 -- 6; 0 -- 7; 0 -- 8; 1 -- 5; 1 -- 6; 1 -- 7; 1 -- 8;
    2 -- 5; 2 -- 6; 2 -- 7; 2 -- 8; 3 -- 6; 3 -- 7; 4 -- 8; 5 -- 6;
    5 -- 7; 5 -- 8; 6 -- 7; 6 -- 8; 7 -- 8;
    [[5, 6, 7, 8], [5, 6, 7, 8], [5, 6, 7, 8], [6, 7], [8], [0, 1, 2, 6, 7, 8], [0, 1, 2, 3, 5, 7, 8], [0, 1, 2, 3, 5, 6, 8], [0, 1, 2, 4, 5, 6, 7]]
}

graph r4_7_8e22 {
    0; 1; 2; 3; 4; 5; 6; 7; 8;
    0 -- 5; 0 -- 6; 0 -- 7; 0 -- 8; 1 -- 5; 1 -- 6; 1 -- 7; 1 -- 8;
    2 -- 5; 2 -- 6; 2 -- 7; 3 -- 6; 3 -- 8; 4 -- 7; 4 -- 8; 5 -- 6;
    5 -- 7; 5 -- 8; 6 -- 7; 6 -- 8; 7 -- 8;
    [[5, 6, 7, 8], [5, 6, 7, 8], [5, 6, 7], [6, 8], [7, 8], [0, 1, 2, 6, 7, 8], [0, 1, 2, 3, 5, 7, 8], [0, 1, 2, 4, 5, 6, 8], [0, 1, 3, 4, 5, 6, 7]]
}

graph r4_7_8e23 {
    0; 1; 2; 3; 4; 5; 6; 7; 8;
    0 -- 5; 0 -- 6; 0 -- 7; 0 -- 8; 1 -- 5; 1 -- 6; 1 -- 7; 1 -- 8;
    2 -- 5; 2 -- 6; 2 -- 7; 2 -- 8; 3 -- 6; 3 -- 8; 4 -- 7; 4 -- 8;
    5 -- 6; 5 -- 7; 5 -- 8; 6 -- 7; 6 -- 8; 7 -- 8;
    [[5, 6, 7, 8], [5, 6, 7, 8], [5, 6, 7, 8], [6, 8], [7, 8], [0, 1, 2, 6, 7, 8], [0, 1, 2, 3, 5, 7, 8], [0, 1, 2, 4, 5, 6, 8], [0, 1, 2, 3, 4, 5, 6, 7]]
}

graph r4_7_8e24 {
    0; 1; 2; 3; 4; 5; 6; 7; 8;
    0 -- 5; 0 -- 6; 0 -- 7; 0 -- 8; 1 -- 5; 1 -- 6; 1 -- 7; 1 -- 8;
    2 -- 5; 2 -- 6; 3 -- 6; 3 -- 7; 3 -- 8; 4 -- 7; 4 -- 8; 5 -- 6;
    5 -- 7; 5 -- 8; 6 -- 7; 6 -- 8; 7 -- 8;
    [[5, 6, 7, 8], [5, 6, 7, 8], [5, 6], [6, 7, 8], [7, 8], [0, 1, 2, 6, 7, 8], [0, 1, 2, 3, 5, 7, 8], [0, 1, 3, 4, 5, 6, 8], [0, 1, 3, 4, 5, 6, 7]]
}

graph r4_7_8e25 {
    0; 1; 2; 3; 4; 5; 6; 7; 8;
    0 -- 5; 0 -- 6; 0 -- 7; 0 -- 8; 1 -- 5; 1 -- 6; 1 -- 7; 1 -- 8;
    2 -- 5; 2 -- 6; 2 -- 7; 2 -- 8; 3 -- 5; 3 -- 6; 4 -- 7; 4 -- 8;
    5 -- 6; 5 -- 7; 5 -- 8; 6 -- 7; 6 -- 8; 7 -- 8;
    [[5, 6, 7, 8], [5, 6, 7, 8], [5, 6, 7, 8], [5, 6], [7, 8], [0, 1, 2, 3, 6, 7, 8], [0, 1, 2, 3, 5, 7, 8], [0, 1, 2, 4, 5, 6, 8], [0, 1, 2, 4, 5, 6, 7]]
}

graph r4_7_8e26 {
    0; 1; 2; 3; 4; 5; 6; 7; 8;
    0 -- 4; 0 -- 6; 0 -- 7; 0 -- 8; 1 -- 5; 1 -- 6; 1 -- 7; 1 -- 8;
    2 -- 6; 2 -- 7; 2 -- 8; 3 -- 6; 3 -- 7; 4 -- 6; 4 -- 7; 4 -- 8;
    5 -- 8; 6 -- 7; 6 -- 8; 7 -- 8;
    [[4, 6, 7, 8], [5, 6, 7, 8], [6, 7, 8], [6, 7], [0, 6, 7, 8], [1, 8], [0, 1, 2, 3, 4, 7, 8], [0, 1, 2, 3, 4, 6, 8], [0, 1, 2, 4, 5, 6, 7]]
}

graph r4_7_8e27 {
    0; 1; 2; 3; 4; 5; 6; 7; 8;
    0 -- 4; 0 -- 6; 0 -- 7; 0 -- 8; 1 -- 5; 1 -- 6; 1 -- 7; 2 -- 6;
    2 -- 7; 2 -- 8; 3 -- 6; 3 -- 7; 3 -- 8; 4 -- 6; 4 -- 7; 4 -- 8;
    5 -- 8; 6 -- 7; 6 -- 8; 7 -- 8;
    [[4, 6, 7, 8], [5, 6, 7], [6, 7, 8], [6, 7, 8], [0, 6, 7, 8], [1, 8], [0, 1, 2, 3, 4, 7, 8], [0, 1, 2, 3, 4, 6, 8], [0, 2, 3, 4, 5, 6, 7]]
}

graph r4_7_8e28 {
    0; 1; 2; 3; 4; 5; 6; 7; 8;
    0 -- 4; 0 -- 6; 0 -- 7; 0 -- 8; 1 -- 5; 1 -- 6; 1 -- 7; 1 -- 8;
    2 -- 6; 2 -- 7; 3 -- 6; 3 -- 8; 4 -- 6; 4 -- 7; 4 -- 8; 5 -- 7;
    5 -- 8; 6 -- 7; 6 -- 8; 7 -- 8;
    [[4, 6, 7, 8], [5, 6, 7, 8], [6, 7], [6, 8], [0, 6, 7, 8], [1, 7, 8], [0, 1, 2, 3, 4, 7, 8], [0, 1, 2, 4, 5, 6, 8], [0, 1, 3, 4, 5, 6, 7]]
}

graph r4_7_8e29 {
    0; 1; 2; 3; 4; 5; 6; 7; 8;
    0 -- 4; 0 -- 6; 0 -- 7; 0 -- 8; 1 -- 5; 1 -- 6; 1 -- 7; 1 -- 8;
    2 -- 6; 2 -- 7; 3 -- 7; 3 -- 8; 4 -- 6; 4 -- 7; 4 -- 8; 5 -- 6;
    5 -- 7; 5 -- 8; 6 -- 8; 7 -- 8;
    [[4, 6, 7, 8], [5, 6, 7, 8], [6, 7], [7, 8], [0, 6, 7, 8], [1, 6, 7, 8], [0, 1, 2, 4, 5, 8], [0, 1, 2, 3, 4, 5, 8], [0, 1, 3, 4, 5, 6, 7]]
}

graph r4_7_8e30 {
    0; 1; 2; 3; 4; 5; 6; 7; 8;
    0 -- 4; 0 -- 6; 0 -- 7; 0 -- 8; 1 -- 5; 1 -- 6; 1 -- 7; 1 -- 8;
    2 -- 6; 2 -- 7; 3 -- 8; 4 -- 6; 4 -- 7; 4 -- 8; 5 -- 6; 5 -- 7;
    5 -- 8; 6 -- 7; 6 -- 8; 7 -- 8;
    [[4, 6, 7, 8], [5, 6, 7, 8], [6, 7], [8], [0, 6, 7, 8], [1, 6, 7, 8], [0, 1, 2, 4, 5, 7, 8], [0, 1, 2, 4, 5, 6, 8], [0, 1, 3, 4, 5, 6, 7]]
}

graph r4_7_8e31 {
    0; 1; 2; 3; 4; 5; 6; 7; 8;
    0 -- 4; 0 -- 6; 0 -- 7; 0 -- 8; 1 -- 5; 1 -- 6; 1 -- 7; 1 -- 8;
    2 -- 6; 2 -- 8; 3 -- 7; 3 -- 8; 4 -- 6; 4 -- 7; 4 -- 8; 5 -- 6;
    5 -- 7; 5 -- 8; 6 -- 7; 6 -- 8; 7 -- 8;
    [[4, 6, 7, 8], [5, 6, 7, 8], [6, 8], [7, 8], [0, 6, 7, 8], [1, 6, 7, 8], [0, 1, 2, 4, 5, 7, 8], [0, 1, 3, 4, 5, 6, 8], [0, 1, 2, 3, 4, 5, 6, 7]]
}

graph r4_7_8e32 {
    0; 1; 2; 3; 4; 5; 6; 7; 8;
    0 -- 4; 0 -- 5; 0 -- 6; 0 -- 7; 0 -- 8; 1 -- 5; 1 -- 6; 1 -- 7;
    1 -- 8; 2 -- 6; 2 -- 7; 3 -- 6; 3 -- 8; 4 -- 6; 4 -- 7; 4 -- 8;
    5 -- 7; 5 -- 8; 6 -- 7; 6 -- 8; 7 -- 8;
    [[4, 5, 6, 7, 8], [5, 6, 7, 8], [6, 7], [6, 8], [0, 6, 7, 8], [0, 1, 7, 8], [0, 1, 2, 3, 4, 7, 8], [0, 1, 2, 4, 5, 6, 8], [0, 1, 3, 4, 5, 6, 7]]
}

graph r4_7_8e33 {
    0; 1; 2; 3; 4; 5; 6; 7; 8;
    0 -- 4; 0 -- 5; 0 -- 6; 0 -- 7; 0 -- 8; 1 -- 5; 1 -- 6; 1 -- 7;
    1 -- 8; 2 -- 6; 2 -- 7; 2 -- 8; 3 -- 6; 3 -- 7; 4 -- 8; 5 -- 6;
    5 -- 7; 5 -- 8; 6 -- 7; 6 -- 8; 7 -- 8;
    [[4, 5, 6, 7, 8], [5, 6, 7, 8], [6, 7, 8], [6, 7], [0, 8], [0, 1, 6, 7, 8], [0, 1, 2, 3, 5, 7, 8], [0, 1, 2, 3, 5, 6, 8], [0, 1, 2, 4, 5, 6, 7]]
}

graph r4_7_8e34 {
    0; 1; 2; 3; 4; 5; 6; 7; 8;
    0 -- 4; 0 -- 5; 0 -- 6; 0 -- 7; 0 -- 8; 1 -- 5; 1 -- 6; 1 -- 7;
    1 -- 8; 2 -- 6; 2 -- 7; 3 -- 6; 3 -- 8; 4 -- 7; 4 -- 8; 5 -- 6;
    5 -- 7; 5 -- 8; 6 -- 7; 6 -- 8; 7 -- 8;
    [[4, 5, 6, 7, 8], [5, 6, 7, 8], [6, 7], [6, 8], [0, 7, 8], [0, 1, 6, 7, 8], [0, 1, 2, 3, 5, 7, 8], [0, 1, 2, 4, 5, 6, 8], [0, 1, 3, 4, 5, 6, 7]]
}

graph r4_7_8e35 {
    0; 1; 2; 3; 4; 5; 6; 7; 8;
    0 -- 4; 0 -- 5; 0 -- 6; 0 -- 7; 0 -- 8; 1 -- 5; 1 -- 6; 1 -- 7;
    1 -- 8; 2 -- 6; 2 -- 7; 3 -- 7; 3 -- 8; 4 -- 6; 4 -- 7; 4 -- 8;
    5 -- 6; 5 -- 7; 5 -- 8; 6 -- 8; 7 -- 8;
    [[4, 5, 6, 7, 8], [5, 6, 7, 8], [6, 7], [7, 8], [0, 6, 7, 8], [0, 1, 6, 7, 8], [0, 1, 2, 4, 5, 8], [0, 1, 2, 3, 4, 5, 8], [0, 1, 3, 4, 5, 6, 7]]
}

graph r4_7_8e36 {
    0; 1; 2; 3; 4; 5; 6; 7; 8;
    0 -- 4; 0 -- 5; 0 -- 6; 0 -- 7; 0 -- 8; 1 -- 5; 1 -- 6; 1 -- 7;
    1 -- 8; 2 -- 6; 2 -- 7; 3 -- 8; 4 -- 6; 4 -- 7; 4 -- 8; 5 -- 6;
    5 -- 7; 5 -- 8; 6 -- 7; 6 -- 8; 7 -- 8;
    [[4, 5, 6, 7, 8], [5, 6, 7, 8], [6, 7], [8], [0, 6, 7, 8], [0, 1, 6, 7, 8], [0, 1, 2, 4, 5, 7, 8], [0, 1, 2, 4, 5, 6, 8], [0, 1, 3, 4, 5, 6, 7]]
}

graph r4_7_8e37 {
    0; 1; 2; 3; 4; 5; 6; 7; 8;
    0 -- 4; 0 -- 5; 0 -- 6; 0 -- 7; 0 -- 8; 1 -- 5; 1 -- 6; 1 -- 7;
    1 -- 8; 2 -- 6; 2 -- 8; 3 -- 7; 3 -- 8; 4 -- 6; 4 -- 7; 4 -- 8;
    5 -- 6; 5 -- 7; 5 -- 8; 6 -- 7; 6 -- 8; 7 -- 8;
    [[4, 5, 6, 7, 8], [5, 6, 7, 8], [6, 8], [7, 8], [0, 6, 7, 8], [0, 1, 6, 7, 8], [0, 1, 2, 4, 5, 7, 8], [0, 1, 3, 4, 5, 6, 8], [0, 1, 2, 3, 4, 5, 6, 7]]
}

graph r4_7_8e38 {
    0; 1; 2; 3; 4; 5; 6; 7; 8;
    0 -- 4; 0 -- 5; 0 -- 6; 0 -- 7; 0 -- 8; 1 -- 6; 1 -- 7; 1 -- 8;
    2 -- 6; 2 -- 7; 3 -- 6; 3 -- 8; 4 -- 5; 4 -- 6; 4 -- 7; 4 -- 8;
    5 -- 7; 5 -- 8; 6 -- 7; 6 -- 8; 7 -- 8;
    [[4, 5, 6, 7, 8], [6, 7, 8], [6, 7], [6, 8], [0, 5, 6, 7, 8], [0, 4, 7, 8], [0, 1, 2, 3, 4, 7, 8], [0, 1, 2, 4, 5, 6, 8], [0, 1, 3, 4, 5, 6, 7]]
}

graph r4_7_8e39 {
    0; 1; 2; 3; 4; 5; 6; 7; 8;
    0 -- 4; 0 -- 5; 0 -- 6; 0 -- 7; 0 -- 8; 1 -- 6; 1 -- 7; 1 -- 8;
    2 -- 6; 2 -- 7; 3 -- 7; 3 -- 8; 4 -- 5; 4 -- 6; 4 -- 7; 4 -- 8;
    5 -- 6; 5 -- 7; 5 -- 8; 6 -- 8; 7 -- 8;
    [[4, 5, 6, 7, 8], [6, 7, 8], [6, 7], [7, 8], [0, 5, 6, 7, 8], [0, 4, 6, 7, 8], [0, 1, 2, 4, 5, 8], [0, 1, 2, 3, 4, 5, 8], [0, 1, 3, 4, 5, 6, 7]]
}

graph r4_7_8e40 {
    0; 1; 2; 3; 4; 5; 6; 7; 8;
    0 -- 4; 0 -- 5; 0 -- 6; 0 -- 7; 0 -- 8; 1 -- 6; 1 -- 7; 1 -- 8;
    2 -- 6; 2 -- 7; 3 -- 8; 4 -- 5; 4 -- 6; 4 -- 7; 4 -- 8; 5 -- 6;
    5 -- 7; 5 -- 8; 6 -- 7; 6 -- 8; 7 -- 8;
    [[4, 5, 6, 7, 8], [6, 7, 8], [6, 7], [8], [0, 5, 6, 7, 8], [0, 4, 6, 7, 8], [0, 1, 2, 4, 5, 7, 8], [0, 1, 2, 4, 5, 6, 8], [0, 1, 3, 4, 5, 6, 7]]
}

graph r4_7_8e41 {
    0; 1; 2; 3; 4; 5; 6; 7; 8;
    0 -- 4; 0 -- 5; 0 -- 6; 0 -- 7; 0 -- 8; 1 -- 6; 1 -- 7; 2 -- 6;
    2 -- 8; 3 -- 7; 3 -- 8; 4 -- 5; 4 -- 6; 4 -- 7; 4 -- 8; 5 -- 6;
    5 -- 7; 5 -- 8; 6 -- 7; 6 -- 8; 7 -- 8;
    [[4, 5, 6, 7, 8], [6, 7], [6, 8], [7, 8], [0, 5, 6, 7, 8], [0, 4, 6, 7, 8], [0, 1, 2, 4, 5, 7, 8], [0, 1, 3, 4, 5, 6, 8], [0, 2, 3, 4, 5, 6, 7]]
}

graph r4_7_8e42 {
    0; 1; 2; 3; 4; 5; 6; 7; 8;
    0 -- 4; 0 -- 5; 0 -- 6; 0 -- 7; 0 -- 8; 1 -- 6; 1 -- 7; 1 -- 8;
    2 -- 6; 2 -- 8; 3 -- 7; 3 -- 8; 4 -- 5; 4 -- 6; 4 -- 7; 4 -- 8;
    5 -- 6; 5 -- 7; 5 -- 8; 6 -- 7; 6 -- 8; 7 -- 8;
    [[4, 5, 6, 7, 8], [6, 7, 8], [6, 8], [7, 8], [0, 5, 6, 7, 8], [0, 4, 6, 7, 8], [0, 1, 2, 4, 5, 7, 8], [0, 1, 3, 4, 5, 6, 8], [0, 1, 2, 3, 4, 5, 6, 7]]
}

graph r4_7_8e43 {
    0; 1; 2; 3; 4; 5; 6; 7; 8;
    0 -- 4; 0 -- 6; 0 -- 7; 0 -- 8; 1 -- 5; 1 -- 6; 1 -- 7; 1 -- 8;
    2 -- 5; 2 -- 6; 2 -- 7; 2 -- 8; 3 -- 6; 3 -- 7; 4 -- 8; 5 -- 6;
    5 -- 7; 5 -- 8; 6 -- 7; 6 -- 8; 7 -- 8;
    [[4, 6, 7, 8], [5, 6, 7, 8], [5, 6, 7, 8], [6, 7], [0, 8], [1, 2, 6, 7, 8], [0, 1, 2, 3, 5, 7, 8], [0, 1, 2, 3, 5, 6, 8], [0, 1, 2, 4, 5, 6, 7]]
}

graph r4_7_8e44 {
    0; 1; 2; 3; 4; 5; 6; 7; 8;
    0 -- 4; 0 -- 6; 0 -- 7; 1 -- 5; 1 -- 6; 1 -- 7; 1 -- 8; 2 -- 5;
    2 -- 6; 2 -- 7; 2 -- 8; 3 -- 6; 3 -- 7; 3 -- 8; 4 -- 8; 5 -- 6;
    5 -- 7; 5 -- 8; 6 -- 7; 6 -- 8; 7 -- 8;
    [[4, 6, 7], [5, 6, 7, 8], [5, 6, 7, 8], [6, 7, 8], [0, 8], [1, 2, 6, 7, 8], [0, 1, 2, 3, 5, 7, 8], [0, 1, 2, 3, 5, 6, 8], [1, 2, 3, 4, 5, 6, 7]]
}

graph r4_7_8e45 {
    0; 1; 2; 3; 4; 5; 6; 7; 8;
    0 -- 4; 0 -- 6; 0 -- 7; 0 -- 8; 1 -- 5; 1 -- 6; 1 -- 7; 1 -- 8;
    2 -- 5; 2 -- 6; 3 -- 7; 3 -- 8; 4 -- 6; 4 -- 7; 4 -- 8; 5 -- 6;
    5 -- 7; 5 -- 8; 6 -- 7; 6 -- 8; 7 -- 8;
    [[4, 6, 7, 8], [5, 6, 7, 8], [5, 6], [7, 8], [0, 6, 7, 8], [1, 2, 6, 7, 8], [0, 1, 2, 4, 5, 7, 8], [0, 1, 3, 4, 5, 6, 8], [0, 1, 3, 4, 5, 6, 7]]
}

graph r4_7_8e46 {
    0; 1; 2; 3; 4; 5; 6; 7; 8;
    0 -- 4; 0 -- 5; 0 -- 6; 0 -- 7; 0 -- 8; 1 -- 5; 1 -- 6; 1 -- 7;
    1 -- 8; 2 -- 5; 2 -- 6; 2 -- 7; 2 -- 8; 3 -- 6; 3 -- 7; 4 -- 8;
    5 -- 6; 5 -- 7; 5 -- 8; 6 -- 7; 6 -- 8; 7 -- 8;
    [[4, 5, 6, 7, 8], [5, 6, 7, 8], [5, 6, 7, 8], [6, 7], [0, 8], [0, 1, 2, 6, 7, 8], [0, 1, 2, 3, 5, 7, 8], [0, 1, 2, 3, 5, 6, 8], [0, 1, 2, 4, 5, 6, 7]]
}

graph r4_7_8e47 {
    0; 1; 2; 3; 4; 5; 6; 7; 8;
    0 -- 4; 0 -- 5; 0 -- 6; 0 -- 7; 0 -- 8; 1 -- 5; 1 -- 6; 1 -- 7;
    1 -- 8; 2 -- 5; 2 -- 6; 3 -- 7; 3 -- 8; 4 -- 6; 4 -- 7; 4 -- 8;
    5 -- 6; 5 -- 7; 5 -- 8; 6 -- 7; 6 -- 8; 7 -- 8;
    [[4, 5, 6, 7, 8], [5, 6, 7, 8], [5, 6], [7, 8], [0, 6, 7, 8], [0, 1, 2, 6, 7, 8], [0, 1, 2, 4, 5, 7, 8], [0, 1, 3, 4, 5, 6, 8], [0, 1, 3, 4, 5, 6, 7]]
}

graph r4_7_8e48 {
    0; 1; 2; 3; 4; 5; 6; 7; 8;
    0 -- 4; 0 -- 5; 0 -- 6; 0 -- 7; 0 -- 8; 1 -- 5; 1 -- 6; 1 -- 7;
    1 -- 8; 2 -- 6; 2 -- 7; 3 -- 6; 3 -- 8; 4 -- 5; 4 -- 6; 4 -- 7;
    4 -- 8; 5 -- 7; 5 -- 8; 6 -- 7; 6 -- 8; 7 -- 8;
    [[4, 5, 6, 7, 8], [5, 6, 7, 8], [6, 7], [6, 8], [0, 5, 6, 7, 8], [0, 1, 4, 7, 8], [0, 1, 2, 3, 4, 7, 8], [0, 1, 2, 4, 5, 6, 8], [0, 1, 3, 4, 5, 6, 7]]
}

graph r4_7_8e49 {
    0; 1; 2; 3; 4; 5; 6; 7; 8;
    0 -- 4; 0 -- 5; 0 -- 6; 0 -- 7; 0 -- 8; 1 -- 5; 1 -- 6; 1 -- 7;
    1 -- 8; 2 -- 6; 2 -- 7; 3 -- 6; 3 -- 8; 4 -- 5; 4 -- 7; 4 -- 8;
    5 -- 6; 5 -- 7; 5 -- 8; 6 -- 7; 6 -- 8; 7 -- 8;
    [[4, 5, 6, 7, 8], [5, 6, 7, 8], [6, 7], [6, 8], [0, 5, 7, 8], [0, 1, 4, 6, 7, 8], [0, 1, 2, 3, 5, 7, 8], [0, 1, 2, 4, 5, 6, 8], [0, 1, 3, 4, 5, 6, 7]]
}

graph r4_7_8e50 {
    0; 1; 2; 3; 4; 5; 6; 7; 8;
    0 -- 4; 0 -- 5; 0 -- 6; 0 -- 7; 0 -- 8; 1 -- 5; 1 -- 6; 1 -- 7;
    1 -- 8; 2 -- 6; 2 -- 7; 3 -- 7; 3 -- 8; 4 -- 5; 4 -- 6; 4 -- 7;
    4 -- 8; 5 -- 6; 5 -- 7; 5 -- 8; 6 -- 8; 7 -- 8;
    [[4, 5, 6, 7, 8], [5, 6, 7, 8], [6, 7], [7, 8], [0, 5, 6, 7, 8], [0, 1, 4, 6, 7, 8], [0, 1, 2, 4, 5, 8], [0, 1, 2, 3, 4, 5, 8], [0, 1, 3, 4, 5, 6, 7]]
}

graph r4_7_8e51 {
    0; 1; 2; 3; 4; 5; 6; 7; 8;
    0 -- 4; 0 -- 5; 0 -- 6; 0 -- 7; 0 -- 8; 1 -- 5; 1 -- 6; 1 -- 7;
    1 -- 8; 2 -- 6; 2 -- 7; 3 -- 8; 4 -- 5; 4 -- 6; 4 -- 7; 4 -- 8;
    5 -- 6; 5 -- 7; 5 -- 8; 6 -- 7; 6 -- 8; 7 -- 8;
    [[4, 5, 6, 7, 8], [5, 6, 7, 8], [6, 7], [8], [0, 5, 6, 7, 8], [0, 1, 4, 6, 7, 8], [0, 1, 2, 4, 5, 7, 8], [0, 1, 2, 4, 5, 6, 8], [0, 1, 3, 4, 5, 6, 7]]
}

graph r4_7_8e52 {
    0; 1; 2; 3; 4; 5; 6; 7; 8;
    0 -- 4; 0 -- 5; 0 -- 6; 0 -- 7; 0 -- 8; 1 -- 5; 1 -- 6; 1 -- 7;
    2 -- 6; 2 -- 8; 3 -- 7; 3 -- 8; 4 -- 5; 4 -- 6; 4 -- 7; 4 -- 8;
    5 -- 6; 5 -- 7; 5 -- 8; 6 -- 7; 6 -- 8; 7 -- 8;
    [[4, 5, 6, 7, 8], [5, 6, 7], [6, 8], [7, 8], [0, 5, 6, 7, 8], [0, 1, 4, 6, 7, 8], [0, 1, 2, 4, 5, 7, 8], [0, 1, 3, 4, 5, 6, 8], [0, 2, 3, 4, 5, 6, 7]]
}

graph r4_7_8e53 {
    0; 1; 2; 3; 4; 5; 6; 7; 8;
    0 -- 4; 0 -- 5; 0 -- 6; 0 -- 7; 0 -- 8; 1 -- 5; 1 -- 6; 1 -- 7;
    1 -- 8; 2 -- 6; 2 -- 8; 3 -- 7; 3 -- 8; 4 -- 5; 4 -- 6; 4 -- 7;
    4 -- 8; 5 -- 6; 5 -- 7; 5 -- 8; 6 -- 7; 6 -- 8; 7 -- 8;
    [[4, 5, 6, 7, 8], [5, 6, 7, 8], [6, 8], [7, 8], [0, 5, 6, 7, 8], [0, 1, 4, 6, 7, 8], [0, 1, 2, 4, 5, 7, 8], [0, 1, 3, 4, 5, 6, 8], [0, 1, 2, 3, 4, 5, 6, 7]]
}

graph r4_7_8e54 {
    0; 1; 2; 3; 4; 5; 6; 7; 8;
    0 -- 4; 0 -- 5; 0 -- 6; 0 -- 7; 0 -- 8; 1 -- 5; 1 -- 6; 2 -- 6;
    2 -- 7; 2 -- 8; 3 -- 7; 3 -- 8; 4 -- 5; 4 -- 6; 4 -- 7; 4 -- 8;
    5 -- 6; 5 -- 7; 5 -- 8; 6 -- 7; 6 -- 8; 7 -- 8;
    [[4, 5, 6, 7, 8], [5, 6], [6, 7, 8], [7, 8], [0, 5, 6, 7, 8], [0, 1, 4, 6, 7, 8], [0, 1, 2, 4, 5, 7, 8], [0, 2, 3, 4, 5, 6, 8], [0, 2, 3, 4, 5, 6, 7]]
}

graph r4_7_8e55 {
    0; 1; 2; 3; 4; 5; 6; 7; 8;
    0 -- 4; 0 -- 6; 0 -- 7; 1 -- 5; 1 -- 6; 1 -- 7; 1 -- 8; 2 -- 5;
    2 -- 6; 2 -- 7; 2 -- 8; 3 -- 5; 3 -- 6; 3 -- 7; 3 -- 8; 4 -- 8;
    5 -- 6; 5 -- 7; 5 -- 8; 6 -- 7; 6 -- 8; 7 -- 8;
    [[4, 6, 7], [5, 6, 7, 8], [5, 6, 7, 8], [5, 6, 7, 8], [0, 8], [1, 2, 3, 6, 7, 8], [0, 1, 2, 3, 5, 7, 8], [0, 1, 2, 3, 5, 6, 8], [1, 2, 3, 4, 5, 6, 7]]
}

graph r4_7_8e56 {
    0; 1; 2; 3; 4; 5; 6; 7; 8;
    0 -- 4; 0 -- 5; 0 -- 6; 0 -- 7; 0 -- 8; 1 -- 5; 1 -- 6; 1 -- 7;
    1 -- 8; 2 -- 5; 2 -- 6; 3 -- 7; 3 -- 8; 4 -- 5; 4 -- 6; 4 -- 7;
    4 -- 8; 5 -- 6; 5 -- 7; 5 -- 8; 6 -- 7; 6 -- 8; 7 -- 8;
    [[4, 5, 6, 7, 8], [5, 6, 7, 8], [5, 6], [7, 8], [0, 5, 6, 7, 8], [0, 1, 2, 4, 6, 7, 8], [0, 1, 2, 4, 5, 7, 8], [0, 1, 3, 4, 5, 6, 8], [0, 1, 3, 4, 5, 6, 7]]
}

graph r4_7_8e57 {
    0; 1; 2; 3; 4; 5; 6; 7; 8;
    0 -- 4; 0 -- 5; 0 -- 6; 0 -- 7; 0 -- 8; 1 -- 4; 1 -- 5; 1 -- 6;
    1 -- 7; 1 -- 8; 2 -- 6; 2 -- 7; 3 -- 6; 3 -- 8; 4 -- 6; 4 -- 7;
    4 -- 8; 5 -- 7; 5 -- 8; 6 -- 7; 6 -- 8; 7 -- 8;
    [[4, 5, 6, 7, 8], [4, 5, 6, 7, 8], [6, 7], [6, 8], [0, 1, 6, 7, 8], [0, 1, 7, 8], [0, 1, 2, 3, 4, 7, 8], [0, 1, 2, 4, 5, 6, 8], [0, 1, 3, 4, 5, 6, 7]]
}

graph r4_7_8e58 {
    0; 1; 2; 3; 4; 5; 6; 7; 8;
    0 -- 4; 0 -- 5; 0 -- 6; 0 -- 7; 0 -- 8; 1 -- 4; 1 -- 5; 1 -- 6;
    1 -- 7; 1 -- 8; 2 -- 6; 2 -- 7; 3 -- 7; 3 -- 8; 4 -- 6; 4 -- 7;
    4 -- 8; 5 -- 6; 5 -- 7; 5 -- 8; 6 -- 8; 7 -- 8;
    [[4, 5, 6, 7, 8], [4, 5, 6, 7, 8], [6, 7], [7, 8], [0, 1, 6, 7, 8], [0, 1, 6, 7, 8], [0, 1, 2, 4, 5, 8], [0, 1, 2, 3, 4, 5, 8], [0, 1, 3, 4, 5, 6, 7]]
}

graph r4_7_8e59 {
    0; 1; 2; 3; 4; 5; 6; 7; 8;
    0 -- 4; 0 -- 5; 0 -- 6; 0 -- 7; 0 -- 8; 1 -- 4; 1 -- 5; 1 -- 6;
    1 -- 7; 1 -- 8; 2 -- 6; 2 -- 7; 3 -- 8; 4 -- 6; 4 -- 7; 4 -- 8;
    5 -- 6; 5 -- 7; 5 -- 8; 6 -- 7; 6 -- 8; 7 -- 8;
    [[4, 5, 6, 7, 8], [4, 5, 6, 7, 8], [6, 7], [8], [0, 1, 6, 7, 8], [0, 1, 6, 7, 8], [0, 1, 2, 4, 5, 7, 8], [0, 1, 2, 4, 5, 6, 8], [0, 1, 3, 4, 5, 6, 7]]
}

graph r4_7_8e60 {
    0; 1; 2; 3; 4; 5; 6; 7; 8;
    0 -- 4; 0 -- 5; 0 -- 6; 0 -- 7; 0 -- 8; 1 -- 4; 1 -- 5; 1 -- 6;
    1 -- 7; 1 -- 8; 2 -- 6; 2 -- 8; 3 -- 7; 3 -- 8; 4 -- 6; 4 -- 7;
    4 -- 8; 5 -- 6; 5 -- 7; 5 -- 8; 6 -- 7; 6 -- 8; 7 -- 8;
    [[4, 5, 6, 7, 8], [4, 5, 6, 7, 8], [6, 8], [7, 8], [0, 1, 6, 7, 8], [0, 1, 6, 7, 8], [0, 1, 2, 4, 5, 7, 8], [0, 1, 3, 4, 5, 6, 8], [0, 1, 2, 3, 4, 5, 6, 7]]
}

graph r4_7_8e61 {
    0; 1; 2; 3; 4; 5; 6; 7; 8;
    0 -- 4; 0 -- 5; 0 -- 6; 0 -- 7; 0 -- 8; 1 -- 4; 1 -- 6; 1 -- 7;
    1 -- 8; 2 -- 5; 2 -- 6; 3 -- 7; 3 -- 8; 4 -- 6; 4 -- 7; 4 -- 8;
    5 -- 6; 5 -- 7; 5 -- 8; 6 -- 7; 6 -- 8; 7 -- 8;
    [[4, 5, 6, 7, 8], [4, 6, 7, 8], [5, 6], [7, 8], [0, 1, 6, 7, 8], [0, 2, 6, 7, 8], [0, 1, 2, 4, 5, 7, 8], [0, 1, 3, 4, 5, 6, 8], [0, 1, 3, 4, 5, 6, 7]]
}

graph r4_7_8e62 {
    0; 1; 2; 3; 4; 5; 6; 7; 8;
    0 -- 4; 0 -- 5; 0 -- 6; 0 -- 7; 0 -- 8; 1 -- 4; 1 -- 5; 1 -- 6;
    1 -- 7; 1 -- 8; 2 -- 5; 2 -- 6; 3 -- 7; 3 -- 8; 4 -- 6; 4 -- 7;
    4 -- 8; 5 -- 6; 5 -- 7; 5 -- 8; 6 -- 7; 6 -- 8; 7 -- 8;
    [[4, 5, 6, 7, 8], [4, 5, 6, 7, 8], [5, 6], [7, 8], [0, 1, 6, 7, 8], [0, 1, 2, 6, 7, 8], [0, 1, 2, 4, 5, 7, 8], [0, 1, 3, 4, 5, 6, 8], [0, 1, 3, 4, 5, 6, 7]]
}

graph r4_7_8e63 {
    0; 1; 2; 3; 4; 5; 6; 7; 8;
    0 -- 4; 0 -- 5; 0 -- 6; 0 -- 7; 0 -- 8; 1 -- 4; 1 -- 5; 1 -- 6;
    1 -- 7; 1 -- 8; 2 -- 6; 2 -- 7; 3 -- 6; 3 -- 8; 4 -- 5; 4 -- 6;
    4 -- 7; 4 -- 8; 5 -- 7; 5 -- 8; 6 -- 7; 6 -- 8; 7 -- 8;
    [[4, 5, 6, 7, 8], [4, 5, 6, 7, 8], [6, 7], [6, 8], [0, 1, 5, 6, 7, 8], [0, 1, 4, 7, 8], [0, 1, 2, 3, 4, 7, 8], [0, 1, 2, 4, 5, 6, 8], [0, 1, 3, 4, 5, 6, 7]]
}

graph r4_7_8e64 {
    0; 1; 2; 3; 4; 5; 6; 7; 8;
    0 -- 4; 0 -- 5; 0 -- 6; 0 -- 7; 0 -- 8; 1 -- 4; 1 -- 5; 1 -- 6;
    1 -- 7; 1 -- 8; 2 -- 6; 2 -- 7; 3 -- 7; 3 -- 8; 4 -- 5; 4 -- 6;
    4 -- 7; 4 -- 8; 5 -- 6; 5 -- 7; 5 -- 8; 6 -- 8; 7 -- 8;
    [[4, 5, 6, 7, 8], [4, 5, 6, 7, 8], [6, 7], [7, 8], [0, 1, 5, 6, 7, 8], [0, 1, 4, 6, 7, 8], [0, 1, 2, 4, 5, 8], [0, 1, 2, 3, 4, 5, 8], [0, 1, 3, 4, 5, 6, 7]]
}

graph r4_7_8e65 {
    0; 1; 2; 3; 4; 5; 6; 7; 8;
    0 -- 4; 0 -- 5; 0 -- 6; 0 -- 7; 0 -- 8; 1 -- 4; 1 -- 5; 1 -- 6;
    1 -- 7; 1 -- 8; 2 -- 6; 2 -- 7; 3 -- 8; 4 -- 5; 4 -- 6; 4 -- 7;
    4 -- 8; 5 -- 6; 5 -- 7; 5 -- 8; 6 -- 7; 6 -- 8; 7 -- 8;
    [[4, 5, 6, 7, 8], [4, 5, 6, 7, 8], [6, 7], [8], [0, 1, 5, 6, 7, 8], [0, 1, 4, 6, 7, 8], [0, 1, 2, 4, 5, 7, 8], [0, 1, 2, 4, 5, 6, 8], [0, 1, 3, 4, 5, 6, 7]]
}

graph r4_7_8e66 {
    0; 1; 2; 3; 4; 5; 6; 7; 8;
    0 -- 4; 0 -- 5; 0 -- 6; 0 -- 7; 0 -- 8; 1 -- 4; 1 -- 5; 1 -- 6;
    1 -- 7; 2 -- 6; 2 -- 8; 3 -- 7; 3 -- 8; 4 -- 5; 4 -- 6; 4 -- 7;
    4 -- 8; 5 -- 6; 5 -- 7; 5 -- 8; 6 -- 7; 6 -- 8; 7 -- 8;
    [[4, 5, 6, 7, 8], [4, 5, 6, 7], [6, 8], [7, 8], [0, 1, 5, 6, 7, 8], [0, 1, 4, 6, 7, 8], [0, 1, 2, 4, 5, 7, 8], [0, 1, 3, 4, 5, 6, 8], [0, 2, 3, 4, 5, 6, 7]]
}

graph r4_7_8e67 {
    0; 1; 2; 3; 4; 5; 6; 7; 8;
    0 -- 4; 0 -- 5; 0 -- 6; 0 -- 7; 0 -- 8; 1 -- 4; 1 -- 5; 1 -- 6;
    1 -- 7; 1 -- 8; 2 -- 6; 2 -- 8; 3 -- 7; 3 -- 8; 4 -- 5; 4 -- 6;
    4 -- 7; 4 -- 8; 5 -- 6; 5 -- 7; 5 -- 8; 6 -- 7; 6 -- 8; 7 -- 8;
    [[4, 5, 6, 7, 8], [4, 5, 6, 7, 8], [6, 8], [7, 8], [0, 1, 5, 6, 7, 8], [0, 1, 4, 6, 7, 8], [0, 1, 2, 4, 5, 7, 8], [0, 1, 3, 4, 5, 6, 8], [0, 1, 2, 3, 4, 5, 6, 7]]
}

graph r4_7_8e68 {
    0; 1; 2; 3; 4; 5; 6; 7; 8;
    0 -- 4; 0 -- 5; 0 -- 6; 0 -- 7; 0 -- 8; 1 -- 4; 1 -- 6; 1 -- 7;
    1 -- 8; 2 -- 5; 2 -- 6; 3 -- 7; 3 -- 8; 4 -- 5; 4 -- 6; 4 -- 7;
    4 -- 8; 5 -- 6; 5 -- 7; 5 -- 8; 6 -- 7; 6 -- 8; 7 -- 8;
    [[4, 5, 6, 7, 8], [4, 6, 7, 8], [5, 6], [7, 8], [0, 1, 5, 6, 7, 8], [0, 2, 4, 6, 7, 8], [0, 1, 2, 4, 5, 7, 8], [0, 1, 3, 4, 5, 6, 8], [0, 1, 3, 4, 5, 6, 7]]
}

graph r4_7_8e69 {
    0; 1; 2; 3; 4; 5; 6; 7; 8;
    0 -- 4; 0 -- 5; 0 -- 6; 0 -- 7; 0 -- 8; 1 -- 4; 1 -- 5; 1 -- 6;
    1 -- 7; 1 -- 8; 2 -- 5; 2 -- 6; 3 -- 7; 3 -- 8; 4 -- 5; 4 -- 6;
    4 -- 7; 4 -- 8; 5 -- 6; 5 -- 7; 5 -- 8; 6 -- 7; 6 -- 8; 7 -- 8;
    [[4, 5, 6, 7, 8], [4, 5, 6, 7, 8], [5, 6], [7, 8], [0, 1, 5, 6, 7, 8], [0, 1, 2, 4, 6, 7, 8], [0, 1, 2, 4, 5, 7, 8], [0, 1, 3, 4, 5, 6, 8], [0, 1, 3, 4, 5, 6, 7]]
}

graph r4_7_8e70 {
    0; 1; 2; 3; 4; 5; 6; 7; 8;
    0 -- 3; 0 -- 6; 0 -- 7; 0 -- 8; 1 -- 4; 1 -- 6; 1 -- 7; 1 -- 8;
    2 -- 5; 2 -- 6; 2 -- 7; 3 -- 6; 3 -- 7; 3 -- 8; 4 -- 6; 4 -- 7;
    4 -- 8; 5 -- 8; 6 -- 7; 6 -- 8; 7 -- 8;
    [[3, 6, 7, 8], [4, 6, 7, 8], [5, 6, 7], [0, 6, 7, 8], [1, 6, 7, 8], [2, 8], [0, 1, 2, 3, 4, 7, 8], [0, 1, 2, 3, 4, 6, 8], [0, 1, 3, 4, 5, 6, 7]]
}

graph r4_7_8e71 {
    0; 1; 2; 3; 4; 5; 6; 7; 8;
    0 -- 3; 0 -- 5; 0 -- 6; 0 -- 7; 0 -- 8; 1 -- 4; 1 -- 6; 1 -- 7;
    2 -- 5; 2 -- 6; 2 -- 7; 2 -- 8; 3 -- 6; 3 -- 7; 3 -- 8; 4 -- 8;
    5 -- 6; 5 -- 7; 5 -- 8; 6 -- 7; 6 -- 8; 7 -- 8;
    [[3, 5, 6, 7, 8], [4, 6, 7], [5, 6, 7, 8], [0, 6, 7, 8], [1, 8], [0, 2, 6, 7, 8], [0, 1, 2, 3, 5, 7, 8], [0, 1, 2, 3, 5, 6, 8], [0, 2, 3, 4, 5, 6, 7]]
}

graph r4_7_8e72 {
    0; 1; 2; 3; 4; 5; 6; 7; 8;
    0 -- 3; 0 -- 5; 0 -- 6; 0 -- 7; 0 -- 8; 1 -- 4; 1 -- 6; 1 -- 7;
    1 -- 8; 2 -- 6; 2 -- 7; 3 -- 5; 3 -- 6; 3 -- 7; 3 -- 8; 4 -- 8;
    5 -- 6; 5 -- 7; 5 -- 8; 6 -- 7; 6 -- 8; 7 -- 8;
    [[3, 5, 6, 7, 8], [4, 6, 7, 8], [6, 7], [0, 5, 6, 7, 8], [1, 8], [0, 3, 6, 7, 8], [0, 1, 2, 3, 5, 7, 8], [0, 1, 2, 3, 5, 6, 8], [0, 1, 3, 4, 5, 6, 7]]
}

graph r4_7_8e73 {
    0; 1; 2; 3; 4; 5; 6; 7; 8;
    0 -- 3; 0 -- 5; 0 -- 6; 0 -- 7; 0 -- 8; 1 -- 4; 1 -- 6; 1 -- 7;
    2 -- 6; 2 -- 7; 2 -- 8; 3 -- 5; 3 -- 6; 3 -- 7; 3 -- 8; 4 -- 8;
    5 -- 6; 5 -- 7; 5 -- 8; 6 -- 7; 6 -- 8; 7 -- 8;
    [[3, 5, 6, 7, 8], [4, 6, 7], [6, 7, 8], [0, 5, 6, 7, 8], [1, 8], [0, 3, 6, 7, 8], [0, 1, 2, 3, 5, 7, 8], [0, 1, 2, 3, 5, 6, 8], [0, 2, 3, 4, 5, 6, 7]]
}

graph r4_7_8e74 {
    0; 1; 2; 3; 4; 5; 6; 7; 8;
    0 -- 3; 0 -- 5; 0 -- 6; 0 -- 7; 0 -- 8; 1 -- 4; 1 -- 5; 1 -- 6;
    1 -- 7; 1 -- 8; 2 -- 6; 2 -- 7; 3 -- 5; 3 -- 6; 3 -- 7; 3 -- 8;
    4 -- 8; 5 -- 6; 5 -- 7; 5 -- 8; 6 -- 7; 6 -- 8; 7 -- 8;
    [[3, 5, 6, 7, 8], [4, 5, 6, 7, 8], [6, 7], [0, 5, 6, 7, 8], [1, 8], [0, 1, 3, 6, 7, 8], [0, 1, 2, 3, 5, 7, 8], [0, 1, 2, 3, 5, 6, 8], [0, 1, 3, 4, 5, 6, 7]]
}

graph r4_7_8e75 {
    0; 1; 2; 3; 4; 5; 6; 7; 8;
    0 -- 3; 0 -- 5; 0 -- 6; 0 -- 7; 0 -- 8; 1 -- 4; 1 -- 6; 1 -- 7;
    2 -- 5; 2 -- 6; 2 -- 7; 2 -- 8; 3 -- 5; 3 -- 6; 3 -- 7; 3 -- 8;
    4 -- 8; 5 -- 6; 5 -- 7; 5 -- 8; 6 -- 7; 6 -- 8; 7 -- 8;
    [[3, 5, 6, 7, 8], [4, 6, 7], [5, 6, 7, 8], [0, 5, 6, 7, 8], [1, 8], [0, 2, 3, 6, 7, 8], [0, 1, 2, 3, 5, 7, 8], [0, 1, 2, 3, 5, 6, 8], [0, 2, 3, 4, 5, 6, 7]]
}

graph r4_7_8e76 {
    0; 1; 2; 3; 4; 5; 6; 7; 8;
    0 -- 3; 0 -- 4; 0 -- 5; 0 -- 6; 0 -- 7; 0 -- 8; 1 -- 4; 1 -- 5;
    1 -- 6; 1 -- 7; 1 -- 8; 2 -- 6; 2 -- 7; 3 -- 8; 4 -- 5; 4 -- 6;
    4 -- 7; 4 -- 8; 5 -- 6; 5 -- 7; 5 -- 8; 6 -- 7; 6 -- 8; 7 -- 8;
    [[3, 4, 5, 6, 7, 8], [4, 5, 6, 7, 8], [6, 7], [0, 8], [0, 1, 5, 6, 7, 8], [0, 1, 4, 6, 7, 8], [0, 1, 2, 4, 5, 7, 8], [0, 1, 2, 4, 5, 6, 8], [0, 1, 3, 4, 5, 6, 7]]
}

graph r4_7_8e77 {
    0; 1; 2; 3; 4; 5; 6; 7; 8;
    0 -- 3; 0 -- 4; 0 -- 5; 0 -- 6; 0 -- 7; 0 -- 8; 1 -- 6; 1 -- 7;
    2 -- 6; 2 -- 8; 3 -- 4; 3 -- 5; 3 -- 6; 3 -- 7; 3 -- 8; 4 -- 5;
    4 -- 6; 4 -- 7; 4 -- 8; 5 -- 7; 5 -- 8; 6 -- 7; 6 -- 8; 7 -- 8;
    [[3, 4, 5, 6, 7, 8], [6, 7], [6, 8], [0, 4, 5, 6, 7, 8], [0, 3, 5, 6, 7, 8], [0, 3, 4, 7, 8], [0, 1, 2, 3, 4, 7, 8], [0, 1, 3, 4, 5, 6, 8], [0, 2, 3, 4, 5, 6, 7]]
}

graph r4_7_8e78 {
    0; 1; 2; 3; 4; 5; 6; 7; 8;
    0 -- 3; 0 -- 4; 0 -- 5; 0 -- 6; 0 -- 7; 0 -- 8; 1 -- 6; 1 -- 7;
    2 -- 7; 2 -- 8; 3 -- 4; 3 -- 5; 3 -- 6; 3 -- 7; 3 -- 8; 4 -- 5;
    4 -- 6; 4 -- 7; 4 -- 8; 5 -- 6; 5 -- 7; 5 -- 8; 6 -- 8; 7 -- 8;
    [[3, 4, 5, 6, 7, 8], [6, 7], [7, 8], [0, 4, 5, 6, 7, 8], [0, 3, 5, 6, 7, 8], [0, 3, 4, 6, 7, 8], [0, 1, 3, 4, 5, 8], [0, 1, 2, 3, 4, 5, 8], [0, 2, 3, 4, 5, 6, 7]]
}

graph r4_7_8e79 {
    0; 1; 2; 3; 4; 5; 6; 7; 8;
    0 -- 3; 0 -- 4; 0 -- 5; 0 -- 6; 0 -- 7; 0 -- 8; 1 -- 6; 1 -- 7;
    2 -- 8; 3 -- 4; 3 -- 5; 3 -- 6; 3 -- 7; 3 -- 8; 4 -- 5; 4 -- 6;
    4 -- 7; 4 -- 8; 5 -- 6; 5 -- 7; 5 -- 8; 6 -- 7; 6 -- 8; 7 -- 8;
    [[3, 4, 5, 6, 7, 8], [6, 7], [8], [0, 4, 5, 6, 7, 8], [0, 3, 5, 6, 7, 8], [0, 3, 4, 6, 7, 8], [0, 1, 3, 4, 5, 7, 8], [0, 1, 3, 4, 5, 6, 8], [0, 2, 3, 4, 5, 6, 7]]
}

graph r4_7_8e80 {
    0; 1; 2; 3; 4; 5; 6; 7; 8;
    0 -- 3; 0 -- 4; 0 -- 5; 0 -- 6; 0 -- 7; 0 -- 8; 1 -- 6; 1 -- 8;
    2 -- 7; 2 -- 8; 3 -- 4; 3 -- 5; 3 -- 6; 3 -- 7; 3 -- 8; 4 -- 5;
    4 -- 6; 4 -- 7; 4 -- 8; 5 -- 6; 5 -- 7; 5 -- 8; 6 -- 7; 6 -- 8;
    7 -- 8;
    [[3, 4, 5, 6, 7, 8], [6, 8], [7, 8], [0, 4, 5, 6, 7, 8], [0, 3, 5, 6, 7, 8], [0, 3, 4, 6, 7, 8], [0, 1, 3, 4, 5, 7, 8], [0, 2, 3, 4, 5, 6, 8], [0, 1, 2, 3, 4, 5, 6, 7]]
}

graph r4_7_8e81 {
    0; 1; 2; 3; 4; 5; 6; 7; 8;
    0 -- 3; 0 -- 4; 0 -- 5; 0 -- 6; 0 -- 7; 0 -- 8; 1 -- 5; 1 -- 6;
    2 -- 7; 2 -- 8; 3 -- 4; 3 -- 5; 3 -- 6; 3 -- 7; 3 -- 8; 4 -- 5;
    4 -- 6; 4 -- 7; 4 -- 8; 5 -- 6; 5 -- 7; 5 -- 8; 6 -- 7; 6 -- 8;
    7 -- 8;
    [[3, 4, 5, 6, 7, 8], [5, 6], [7, 8], [0, 4, 5, 6, 7, 8], [0, 3, 5, 6, 7, 8], [0, 1, 3, 4, 6, 7, 8], [0, 1, 3, 4, 5, 7, 8], [0, 2, 3, 4, 5, 6, 8], [0, 2, 3, 4, 5, 6, 7]]
}

graph r4_7_8e82 {
    0; 1; 2; 3; 4; 5; 6; 7; 8;
    0 -- 3; 0 -- 6; 0 -- 7; 1 -- 4; 1 -- 5; 1 -- 6; 1 -- 7; 1 -- 8;
    2 -- 4; 2 -- 5; 2 -- 6; 2 -- 7; 2 -- 8; 3 -- 8; 4 -- 6; 4 -- 7;
    4 -- 8; 5 -- 6; 5 -- 7; 5 -- 8; 6 -- 7; 6 -- 8; 7 -- 8;
    [[3, 6, 7], [4, 5, 6, 7, 8], [4, 5, 6, 7, 8], [0, 8], [1, 2, 6, 7, 8], [1, 2, 6, 7, 8], [0, 1, 2, 4, 5, 7, 8], [0, 1, 2, 4, 5, 6, 8], [1, 2, 3, 4, 5, 6, 7]]
}

graph r4_7_8e83 {
    0; 1; 2; 3; 4; 5; 6; 7; 8;
    0 -- 3; 0 -- 6; 0 -- 7; 1 -- 4; 1 -- 5; 1 -- 6; 1 -- 7; 1 -- 8;
    2 -- 4; 2 -- 5; 2 -- 6; 2 -- 7; 2 -- 8; 3 -- 8; 4 -- 5; 4 -- 6;
    4 -- 7; 4 -- 8; 5 -- 6; 5 -- 7; 5 -- 8; 6 -- 7; 6 -- 8; 7 -- 8;
    [[3, 6, 7], [4, 5, 6, 7, 8], [4, 5, 6, 7, 8], [0, 8], [1, 2, 5, 6, 7, 8], [1, 2, 4, 6, 7, 8], [0, 1, 2, 4, 5, 7, 8], [0, 1, 2, 4, 5, 6, 8], [1, 2, 3, 4, 5, 6, 7]]
}

graph r4_7_8e84 {
    0; 1; 2; 3; 4; 5; 6; 7; 8;
    0 -- 2; 0 -- 4; 0 -- 5; 0 -- 6; 0 -- 7; 0 -- 8; 1 -- 3; 1 -- 6;
    1 -- 7; 2 -- 4; 2 -- 5; 2 -- 6; 2 -- 7; 2 -- 8; 3 -- 8; 4 -- 5;
    4 -- 6; 4 -- 7; 4 -- 8; 5 -- 6; 5 -- 7; 5 -- 8; 6 -- 7; 6 -- 8;
    7 -- 8;
    [[2, 4, 5, 6, 7, 8], [3, 6, 7], [0, 4, 5, 6, 7, 8], [1, 8], [0, 2, 5, 6, 7, 8], [0, 2, 4, 6, 7, 8], [0, 1, 2, 4, 5, 7, 8], [0, 1, 2, 4, 5, 6, 8], [0, 2, 3, 4, 5, 6, 7]]
}

R^PG_4(7,8) = 10
84 extremal graph(s)
running time:18.114495277404785sec
