Finding R^PG_4(11,6)

Order & number of counterexample graphs:
0 1
1 1
2 2
3 4
4 11
5 33
6 33
7 33
8 33
9 33
10 33
11 0

33 extremal graph(s):

graph r4_11_6e1 {
    0; 1; 2; 3; 4; 5; 6; 7; 8; 9;
    [[], [], [], [], [], [], [], [], [], []]
}

graph r4_11_6e2 {
    0; 1; 2; 3; 4; 5; 6; 7; 8; 9;
    0 -- 9;
    [[9], [], [], [], [], [], [], [], [], [0]]
}

graph r4_11_6e3 {
    0; 1; 2; 3; 4; 5; 6; 7; 8; 9;
    0 -- 9; 1 -- 9;
    [[9], [9], [], [], [], [], [], [], [], [0, 1]]
}

graph r4_11_6e4 {
    0; 1; 2; 3; 4; 5; 6; 7; 8; 9;
    0 -- 9; 1 -- 9; 2 -- 9;
    [[9], [9], [9], [], [], [], [], [], [], [0, 1, 2]]
}

graph r4_11_6e5 {
    0; 1; 2; 3; 4; 5; 6; 7; 8; 9;
    0 -- 9; 1 -- 9; 2 -- 9; 3 -- 9;
    [[9], [9], [9], [9], [], [], [], [], [], [0, 1, 2, 3]]
}

graph r4_11_6e6 {
    0; 1; 2; 3; 4; 5; 6; 7; 8; 9;
    0 -- 8; 1 -- 9;
    [[8], [9], [], [], [], [], [], [], [0], [1]]
}

graph r4_11_6e7 {
    0; 1; 2; 3; 4; 5; 6; 7; 8; 9;
    0 -- 8; 0 -- 9; 1 -- 9;
    [[8, 9], [9], [], [], [], [], [], [], [0], [0, 1]]
}

graph r4_11_6e8 {
    0; 1; 2; 3; 4; 5; 6; 7; 8; 9;
    0 -- 8; 0 -- 9; 8 -- 9;
    [[8, 9], [], [], [], [], [], [], [], [0, 9], [0, 8]]
}

graph r4_11_6e9 {
    0; 1; 2; 3; 4; 5; 6; 7; 8; 9;
    0 -- 8; 1 -- 9; 2 -- 9;
    [[8], [9], [9], [], [], [], [], [], [0], [1, 2]]
}

graph r4_11_6e10 {
    0; 1; 2; 3; 4; 5; 6; 7; 8; 9;
    0 -- 8; 0 -- 9; 1 -- 9; 2 -- 9;
    [[8, 9], [9], [9], [], [], [], [], [], [0], [0, 1, 2]]
}

graph r4_11_6e11 {
    0; 1; 2; 3; 4; 5; 6; 7; 8; 9;
    0 -- 8; 0 -- 9; 1 -- 9; 8 -- 9;
    [[8, 9], [9], [], [], [], [], [], [], [0, 9], [0, 1, 8]]
}

graph r4_11_6e12 {
    0; 1; 2; 3; 4; 5; 6; 7; 8; 9;
    0 -- 8; 0 -- 9; 1 -- 9; 2 -- 9; 8 -- 9;
    [[8, 9], [9], [9], [], [], [], [], [], [0, 9], [0, 1, 2, 8]]
}

graph r4_11_6e13 {
    0; 1; 2; 3; 4; 5; 6; 7; 8; 9;
    0 -- 8; 0 -- 9; 1 -- 8; 1 -- 9;
    [[8, 9], [8, 9], [], [], [], [], [], [], [0, 1], [0, 1]]
}

graph r4_11_6e14 {
    0; 1; 2; 3; 4; 5; 6; 7; 8; 9;
    0 -- 8; 0 -- 9; 1 -- 8; 2 -- 9;
    [[8, 9], [8], [9], [], [], [], [], [], [0, 1], [0, 2]]
}

graph r4_11_6e15 {
    0; 1; 2; 3; 4; 5; 6; 7; 8; 9;
    0 -- 8; 0 -- 9; 1 -- 8; 1 -- 9; 2 -- 9;
    [[8, 9], [8, 9], [9], [], [], [], [], [], [0, 1], [0, 1, 2]]
}

graph r4_11_6e16 {
    0; 1; 2; 3; 4; 5; 6; 7; 8; 9;
    0 -- 8; 0 -- 9; 1 -- 8; 1 -- 9; 8 -- 9;
    [[8, 9], [8, 9], [], [], [], [], [], [], [0, 1, 9], [0, 1, 8]]
}

graph r4_11_6e17 {
    0; 1; 2; 3; 4; 5; 6; 7; 8; 9;
    0 -- 8; 0 -- 9; 1 -- 8; 2 -- 9; 8 -- 9;
    [[8, 9], [8], [9], [], [], [], [], [], [0, 1, 9], [0, 2, 8]]
}

graph r4_11_6e18 {
    0; 1; 2; 3; 4; 5; 6; 7; 8; 9;
    0 -- 8; 0 -- 9; 1 -- 8; 1 -- 9; 2 -- 9; 8 -- 9;
    [[8, 9], [8, 9], [9], [], [], [], [], [], [0, 1, 9], [0, 1, 2, 8]]
}

graph r4_11_6e19 {
    0; 1; 2; 3; 4; 5; 6; 7; 8; 9;
    0 -- 8; 0 -- 9; 1 -- 8; 1 -- 9; 2 -- 8; 2 -- 9;
    [[8, 9], [8, 9], [8, 9], [], [], [], [], [], [0, 1, 2], [0, 1, 2]]
}

graph r4_11_6e20 {
    0; 1; 2; 3; 4; 5; 6; 7; 8; 9;
    0 -- 8; 0 -- 9; 1 -- 8; 1 -- 9; 2 -- 8; 2 -- 9; 8 -- 9;
    [[8, 9], [8, 9], [8, 9], [], [], [], [], [], [0, 1, 2, 9], [0, 1, 2, 8]]
}

graph r4_11_6e21 {
    0; 1; 2; 3; 4; 5; 6; 7; 8; 9;
    0 -- 7; 0 -- 9; 1 -- 8; 7 -- 9;
    [[7, 9], [8], [], [], [], [], [], [0, 9], [1], [0, 7]]
}

graph r4_11_6e22 {
    0; 1; 2; 3; 4; 5; 6; 7; 8; 9;
    0 -- 7; 0 -- 9; 1 -- 8; 1 -- 9; 7 -- 9;
    [[7, 9], [8, 9], [], [], [], [], [], [0, 9], [1], [0, 1, 7]]
}

graph r4_11_6e23 {
    0; 1; 2; 3; 4; 5; 6; 7; 8; 9;
    0 -- 7; 0 -- 9; 1 -- 8; 1 -- 9; 7 -- 9; 8 -- 9;
    [[7, 9], [8, 9], [], [], [], [], [], [0, 9], [1, 9], [0, 1, 7, 8]]
}

graph r4_11_6e24 {
    0; 1; 2; 3; 4; 5; 6; 7; 8; 9;
    0 -- 7; 0 -- 8; 0 -- 9; 1 -- 8; 1 -- 9; 7 -- 9;
    [[7, 8, 9], [8, 9], [], [], [], [], [], [0, 9], [0, 1], [0, 1, 7]]
}

graph r4_11_6e25 {
    0; 1; 2; 3; 4; 5; 6; 7; 8; 9;
    0 -- 7; 0 -- 8; 0 -- 9; 1 -- 8; 1 -- 9; 8 -- 9;
    [[7, 8, 9], [8, 9], [], [], [], [], [], [0], [0, 1, 9], [0, 1, 8]]
}

graph r4_11_6e26 {
    0; 1; 2; 3; 4; 5; 6; 7; 8; 9;
    0 -- 7; 0 -- 8; 0 -- 9; 1 -- 8; 1 -- 9; 7 -- 9; 8 -- 9;
    [[7, 8, 9], [8, 9], [], [], [], [], [], [0, 9], [0, 1, 9], [0, 1, 7, 8]]
}

graph r4_11_6e27 {
    0; 1; 2; 3; 4; 5; 6; 7; 8; 9;
    0 -- 7; 0 -- 8; 0 -- 9; 7 -- 8; 7 -- 9; 8 -- 9;
    [[7, 8, 9], [], [], [], [], [], [], [0, 8, 9], [0, 7, 9], [0, 7, 8]]
}

graph r4_11_6e28 {
    0; 1; 2; 3; 4; 5; 6; 7; 8; 9;
    0 -- 7; 0 -- 8; 0 -- 9; 1 -- 9; 7 -- 8; 7 -- 9; 8 -- 9;
    [[7, 8, 9], [9], [], [], [], [], [], [0, 8, 9], [0, 7, 9], [0, 1, 7, 8]]
}

graph r4_11_6e29 {
    0; 1; 2; 3; 4; 5; 6; 7; 8; 9;
    0 -- 7; 0 -- 8; 0 -- 9; 1 -- 8; 1 -- 9; 7 -- 8; 7 -- 9;
    [[7, 8, 9], [8, 9], [], [], [], [], [], [0, 8, 9], [0, 1, 7], [0, 1, 7]]
}

graph r4_11_6e30 {
    0; 1; 2; 3; 4; 5; 6; 7; 8; 9;
    0 -- 7; 0 -- 8; 0 -- 9; 1 -- 8; 1 -- 9; 7 -- 8; 7 -- 9; 8 -- 9;
    [[7, 8, 9], [8, 9], [], [], [], [], [], [0, 8, 9], [0, 1, 7, 9], [0, 1, 7, 8]]
}

graph r4_11_6e31 {
    0; 1; 2; 3; 4; 5; 6; 7; 8; 9;
    0 -- 7; 0 -- 8; 0 -- 9; 1 -- 7; 1 -- 8; 1 -- 9; 7 -- 9; 8 -- 9;
    [[7, 8, 9], [7, 8, 9], [], [], [], [], [], [0, 1, 9], [0, 1, 9], [0, 1, 7, 8]]
}

graph r4_11_6e32 {
    0; 1; 2; 3; 4; 5; 6; 7; 8; 9;
    0 -- 7; 0 -- 8; 0 -- 9; 1 -- 7; 1 -- 8; 1 -- 9; 7 -- 8; 7 -- 9;
    8 -- 9;
    [[7, 8, 9], [7, 8, 9], [], [], [], [], [], [0, 1, 8, 9], [0, 1, 7, 9], [0, 1, 7, 8]]
}

graph r4_11_6e33 {
    0; 1; 2; 3; 4; 5; 6; 7; 8; 9;
    0 -- 6; 0 -- 7; 0 -- 8; 0 -- 9; 6 -- 7; 6 -- 8; 6 -- 9; 7 -- 8;
    7 -- 9; 8 -- 9;
    [[6, 7, 8, 9], [], [], [], [], [], [0, 7, 8, 9], [0, 6, 8, 9], [0, 6, 7, 9], [0, 6, 7, 8]]
}

R^PG_4(11,6) = 11
33 extremal graph(s)
running time:7.299824953079224sec
