Finding R^PG_4(11,7)

Order & number of counterexample graphs:
0 1
1 1
2 2
3 4
4 11
5 33
6 148
7 501
8 1810
9 6029
10 20055
11 46045
12 12818
13 28
14 0

28 extremal graph(s):

graph r4_11_7e1 {
    0; 1; 2; 3; 4; 5; 6; 7; 8; 9; 10; 11; 12;
    0 -- 10; 0 -- 11; 0 -- 12; 1 -- 10; 1 -- 11; 1 -- 12; 2 -- 10;
    2 -- 11; 2 -- 12; 3 -- 10; 4 -- 10; 5 -- 11; 6 -- 11; 7 -- 11;
    8 -- 12; 9 -- 12; 10 -- 12; 11 -- 12;
    [[10, 11, 12], [10, 11, 12], [10, 11, 12], [10], [10], [11], [11], [11], [12], [12], [0, 1, 2, 3, 4, 12], [0, 1, 2, 5, 6, 7, 12], [0, 1, 2, 8, 9, 10, 11]]
}

graph r4_11_7e2 {
    0; 1; 2; 3; 4; 5; 6; 7; 8; 9; 10; 11; 12;
    0 -- 10; 0 -- 11; 0 -- 12; 1 -- 10; 1 -- 11; 1 -- 12; 2 -- 10;
    2 -- 11; 2 -- 12; 3 -- 10; 4 -- 10; 5 -- 11; 6 -- 11; 7 -- 12;
    8 -- 12; 10 -- 11; 10 -- 12; 11 -- 12;
    [[10, 11, 12], [10, 11, 12], [10, 11, 12], [10], [10], [11], [11], [12], [12], [], [0, 1, 2, 3, 4, 11, 12], [0, 1, 2, 5, 6, 10, 12], [0, 1, 2, 7, 8, 10, 11]]
}

graph r4_11_7e3 {
    0; 1; 2; 3; 4; 5; 6; 7; 8; 9; 10; 11; 12;
    0 -- 10; 0 -- 11; 0 -- 12; 1 -- 10; 1 -- 11; 1 -- 12; 2 -- 10;
    2 -- 11; 3 -- 10; 4 -- 10; 5 -- 11; 6 -- 11; 7 -- 12; 8 -- 12;
    9 -- 12; 10 -- 11; 10 -- 12; 11 -- 12;
    [[10, 11, 12], [10, 11, 12], [10, 11], [10], [10], [11], [11], [12], [12], [12], [0, 1, 2, 3, 4, 11, 12], [0, 1, 2, 5, 6, 10, 12], [0, 1, 7, 8, 9, 10, 11]]
}

graph r4_11_7e4 {
    0; 1; 2; 3; 4; 5; 6; 7; 8; 9; 10; 11; 12;
    0 -- 10; 0 -- 11; 0 -- 12; 1 -- 10; 1 -- 11; 1 -- 12; 2 -- 10;
    2 -- 11; 2 -- 12; 3 -- 10; 4 -- 10; 5 -- 11; 6 -- 11; 7 -- 12;
    8 -- 12; 9 -- 12; 10 -- 11; 10 -- 12; 11 -- 12;
    [[10, 11, 12], [10, 11, 12], [10, 11, 12], [10], [10], [11], [11], [12], [12], [12], [0, 1, 2, 3, 4, 11, 12], [0, 1, 2, 5, 6, 10, 12], [0, 1, 2, 7, 8, 9, 10, 11]]
}

graph r4_11_7e5 {
    0; 1; 2; 3; 4; 5; 6; 7; 8; 9; 10; 11; 12;
    0 -- 9; 0 -- 10; 0 -- 11; 0 -- 12; 1 -- 10; 1 -- 11; 1 -- 12;
    2 -- 10; 2 -- 11; 2 -- 12; 3 -- 10; 4 -- 10; 5 -- 11; 6 -- 11;
    7 -- 12; 8 -- 12; 10 -- 11; 10 -- 12; 11 -- 12;
    [[9, 10, 11, 12], [10, 11, 12], [10, 11, 12], [10], [10], [11], [11], [12], [12], [0], [0, 1, 2, 3, 4, 11, 12], [0, 1, 2, 5, 6, 10, 12], [0, 1, 2, 7, 8, 10, 11]]
}

graph r4_11_7e6 {
    0; 1; 2; 3; 4; 5; 6; 7; 8; 9; 10; 11; 12;
    0 -- 9; 0 -- 10; 0 -- 11; 0 -- 12; 1 -- 10; 1 -- 11; 1 -- 12;
    2 -- 10; 3 -- 10; 4 -- 10; 5 -- 11; 6 -- 11; 7 -- 12; 8 -- 12;
    9 -- 11; 9 -- 12; 10 -- 11; 10 -- 12; 11 -- 12;
    [[9, 10, 11, 12], [10, 11, 12], [10], [10], [10], [11], [11], [12], [12], [0, 11, 12], [0, 1, 2, 3, 4, 11, 12], [0, 1, 5, 6, 9, 10, 12], [0, 1, 7, 8, 9, 10, 11]]
}

graph r4_11_7e7 {
    0; 1; 2; 3; 4; 5; 6; 7; 8; 9; 10; 11; 12;
    0 -- 9; 0 -- 10; 1 -- 10; 1 -- 11; 1 -- 12; 2 -- 10; 2 -- 11;
    2 -- 12; 3 -- 10; 3 -- 11; 3 -- 12; 4 -- 10; 5 -- 11; 6 -- 11;
    7 -- 12; 8 -- 12; 10 -- 11; 10 -- 12; 11 -- 12;
    [[9, 10], [10, 11, 12], [10, 11, 12], [10, 11, 12], [10], [11], [11], [12], [12], [0], [0, 1, 2, 3, 4, 11, 12], [1, 2, 3, 5, 6, 10, 12], [1, 2, 3, 7, 8, 10, 11]]
}

graph r4_11_7e8 {
    0; 1; 2; 3; 4; 5; 6; 7; 8; 9; 10; 11; 12;
    0 -- 9; 0 -- 10; 0 -- 11; 0 -- 12; 1 -- 10; 1 -- 11; 1 -- 12;
    2 -- 10; 3 -- 10; 4 -- 11; 5 -- 11; 6 -- 11; 7 -- 12; 8 -- 12;
    9 -- 10; 9 -- 11; 9 -- 12; 10 -- 12; 11 -- 12;
    [[9, 10, 11, 12], [10, 11, 12], [10], [10], [11], [11], [11], [12], [12], [0, 10, 11, 12], [0, 1, 2, 3, 9, 12], [0, 1, 4, 5, 6, 9, 12], [0, 1, 7, 8, 9, 10, 11]]
}

graph r4_11_7e9 {
    0; 1; 2; 3; 4; 5; 6; 7; 8; 9; 10; 11; 12;
    0 -- 9; 0 -- 10; 0 -- 11; 0 -- 12; 1 -- 10; 1 -- 11; 1 -- 12;
    2 -- 10; 3 -- 10; 4 -- 11; 5 -- 11; 6 -- 12; 7 -- 12; 9 -- 10;
    9 -- 11; 9 -- 12; 10 -- 11; 10 -- 12; 11 -- 12;
    [[9, 10, 11, 12], [10, 11, 12], [10], [10], [11], [11], [12], [12], [], [0, 10, 11, 12], [0, 1, 2, 3, 9, 11, 12], [0, 1, 4, 5, 9, 10, 12], [0, 1, 6, 7, 9, 10, 11]]
}

graph r4_11_7e10 {
    0; 1; 2; 3; 4; 5; 6; 7; 8; 9; 10; 11; 12;
    0 -- 9; 0 -- 10; 0 -- 11; 0 -- 12; 1 -- 10; 1 -- 11; 2 -- 10;
    3 -- 10; 4 -- 11; 5 -- 11; 6 -- 12; 7 -- 12; 8 -- 12; 9 -- 10;
    9 -- 11; 9 -- 12; 10 -- 11; 10 -- 12; 11 -- 12;
    [[9, 10, 11, 12], [10, 11], [10], [10], [11], [11], [12], [12], [12], [0, 10, 11, 12], [0, 1, 2, 3, 9, 11, 12], [0, 1, 4, 5, 9, 10, 12], [0, 6, 7, 8, 9, 10, 11]]
}

graph r4_11_7e11 {
    0; 1; 2; 3; 4; 5; 6; 7; 8; 9; 10; 11; 12;
    0 -- 9; 0 -- 10; 0 -- 11; 0 -- 12; 1 -- 10; 1 -- 11; 1 -- 12;
    2 -- 10; 3 -- 10; 4 -- 11; 5 -- 11; 6 -- 12; 7 -- 12; 8 -- 12;
    9 -- 10; 9 -- 11; 9 -- 12; 10 -- 11; 10 -- 12; 11 -- 12;
    [[9, 10, 11, 12], [10, 11, 12], [10], [10], [11], [11], [12], [12], [12], [0, 10, 11, 12], [0, 1, 2, 3, 9, 11, 12], [0, 1, 4, 5, 9, 10, 12], [0, 1, 6, 7, 8, 9, 10, 11]]
}

graph r4_11_7e12 {
    0; 1; 2; 3; 4; 5; 6; 7; 8; 9; 10; 11; 12;
    0 -- 9; 0 -- 10; 0 -- 11; 0 -- 12; 1 -- 9; 1 -- 10; 1 -- 11;
    1 -- 12; 2 -- 10; 3 -- 10; 4 -- 10; 5 -- 11; 6 -- 11; 7 -- 12;
    8 -- 12; 9 -- 11; 9 -- 12; 10 -- 11; 10 -- 12; 11 -- 12;
    [[9, 10, 11, 12], [9, 10, 11, 12], [10], [10], [10], [11], [11], [12], [12], [0, 1, 11, 12], [0, 1, 2, 3, 4, 11, 12], [0, 1, 5, 6, 9, 10, 12], [0, 1, 7, 8, 9, 10, 11]]
}

graph r4_11_7e13 {
    0; 1; 2; 3; 4; 5; 6; 7; 8; 9; 10; 11; 12;
    0 -- 9; 0 -- 10; 0 -- 11; 0 -- 12; 1 -- 9; 1 -- 10; 1 -- 11;
    1 -- 12; 2 -- 10; 3 -- 10; 4 -- 11; 5 -- 11; 6 -- 11; 7 -- 12;
    8 -- 12; 9 -- 10; 9 -- 11; 9 -- 12; 10 -- 12; 11 -- 12;
    [[9, 10, 11, 12], [9, 10, 11, 12], [10], [10], [11], [11], [11], [12], [12], [0, 1, 10, 11, 12], [0, 1, 2, 3, 9, 12], [0, 1, 4, 5, 6, 9, 12], [0, 1, 7, 8, 9, 10, 11]]
}

graph r4_11_7e14 {
    0; 1; 2; 3; 4; 5; 6; 7; 8; 9; 10; 11; 12;
    0 -- 9; 0 -- 10; 0 -- 11; 0 -- 12; 1 -- 9; 1 -- 10; 1 -- 11;
    1 -- 12; 2 -- 10; 3 -- 10; 4 -- 11; 5 -- 11; 6 -- 12; 7 -- 12;
    9 -- 10; 9 -- 11; 9 -- 12; 10 -- 11; 10 -- 12; 11 -- 12;
    [[9, 10, 11, 12], [9, 10, 11, 12], [10], [10], [11], [11], [12], [12], [], [0, 1, 10, 11, 12], [0, 1, 2, 3, 9, 11, 12], [0, 1, 4, 5, 9, 10, 12], [0, 1, 6, 7, 9, 10, 11]]
}

graph r4_11_7e15 {
    0; 1; 2; 3; 4; 5; 6; 7; 8; 9; 10; 11; 12;
    0 -- 9; 0 -- 10; 0 -- 11; 0 -- 12; 1 -- 9; 1 -- 10; 1 -- 11;
    2 -- 10; 3 -- 10; 4 -- 11; 5 -- 11; 6 -- 12; 7 -- 12; 8 -- 12;
    9 -- 10; 9 -- 11; 9 -- 12; 10 -- 11; 10 -- 12; 11 -- 12;
    [[9, 10, 11, 12], [9, 10, 11], [10], [10], [11], [11], [12], [12], [12], [0, 1, 10, 11, 12], [0, 1, 2, 3, 9, 11, 12], [0, 1, 4, 5, 9, 10, 12], [0, 6, 7, 8, 9, 10, 11]]
}

graph r4_11_7e16 {
    0; 1; 2; 3; 4; 5; 6; 7; 8; 9; 10; 11; 12;
    0 -- 9; 0 -- 10; 0 -- 11; 0 -- 12; 1 -- 9; 1 -- 10; 1 -- 11;
    1 -- 12; 2 -- 10; 3 -- 10; 4 -- 11; 5 -- 11; 6 -- 12; 7 -- 12;
    8 -- 12; 9 -- 10; 9 -- 11; 9 -- 12; 10 -- 11; 10 -- 12; 11 -- 12;
    [[9, 10, 11, 12], [9, 10, 11, 12], [10], [10], [11], [11], [12], [12], [12], [0, 1, 10, 11, 12], [0, 1, 2, 3, 9, 11, 12], [0, 1, 4, 5, 9, 10, 12], [0, 1, 6, 7, 8, 9, 10, 11]]
}

graph r4_11_7e17 {
    0; 1; 2; 3; 4; 5; 6; 7; 8; 9; 10; 11; 12;
    0 -- 9; 0 -- 10; 0 -- 11; 0 -- 12; 1 -- 9; 2 -- 10; 2 -- 11;
    2 -- 12; 3 -- 10; 4 -- 10; 5 -- 11; 6 -- 11; 7 -- 12; 8 -- 12;
    9 -- 10; 9 -- 11; 9 -- 12; 10 -- 11; 10 -- 12; 11 -- 12;
    [[9, 10, 11, 12], [9], [10, 11, 12], [10], [10], [11], [11], [12], [12], [0, 1, 10, 11, 12], [0, 2, 3, 4, 9, 11, 12], [0, 2, 5, 6, 9, 10, 12], [0, 2, 7, 8, 9, 10, 11]]
}

graph r4_11_7e18 {
    0; 1; 2; 3; 4; 5; 6; 7; 8; 9; 10; 11; 12;
    0 -- 9; 0 -- 10; 0 -- 11; 0 -- 12; 1 -- 9; 1 -- 10; 1 -- 11;
    1 -- 12; 2 -- 9; 3 -- 10; 4 -- 10; 5 -- 11; 6 -- 11; 7 -- 12;
    8 -- 12; 9 -- 10; 9 -- 11; 9 -- 12; 10 -- 11; 10 -- 12; 11 -- 12;
    [[9, 10, 11, 12], [9, 10, 11, 12], [9], [10], [10], [11], [11], [12], [12], [0, 1, 2, 10, 11, 12], [0, 1, 3, 4, 9, 11, 12], [0, 1, 5, 6, 9, 10, 12], [0, 1, 7, 8, 9, 10, 11]]
}

graph r4_11_7e19 {
    0; 1; 2; 3; 4; 5; 6; 7; 8; 9; 10; 11; 12;
    0 -- 8; 0 -- 10; 0 -- 11; 0 -- 12; 1 -- 9; 1 -- 10; 1 -- 11;
    1 -- 12; 2 -- 10; 3 -- 10; 4 -- 11; 5 -- 11; 6 -- 12; 7 -- 12;
    8 -- 10; 8 -- 11; 8 -- 12; 10 -- 11; 10 -- 12; 11 -- 12;
    [[8, 10, 11, 12], [9, 10, 11, 12], [10], [10], [11], [11], [12], [12], [0, 10, 11, 12], [1], [0, 1, 2, 3, 8, 11, 12], [0, 1, 4, 5, 8, 10, 12], [0, 1, 6, 7, 8, 10, 11]]
}

graph r4_11_7e20 {
    0; 1; 2; 3; 4; 5; 6; 7; 8; 9; 10; 11; 12;
    0 -- 8; 0 -- 10; 0 -- 11; 0 -- 12; 1 -- 9; 1 -- 10; 2 -- 10;
    2 -- 11; 2 -- 12; 3 -- 10; 4 -- 11; 5 -- 11; 6 -- 12; 7 -- 12;
    8 -- 10; 8 -- 11; 8 -- 12; 10 -- 11; 10 -- 12; 11 -- 12;
    [[8, 10, 11, 12], [9, 10], [10, 11, 12], [10], [11], [11], [12], [12], [0, 10, 11, 12], [1], [0, 1, 2, 3, 8, 11, 12], [0, 2, 4, 5, 8, 10, 12], [0, 2, 6, 7, 8, 10, 11]]
}

graph r4_11_7e21 {
    0; 1; 2; 3; 4; 5; 6; 7; 8; 9; 10; 11; 12;
    0 -- 8; 0 -- 9; 0 -- 10; 0 -- 11; 0 -- 12; 1 -- 9; 1 -- 10; 1 -- 11;
    1 -- 12; 2 -- 10; 3 -- 10; 4 -- 11; 5 -- 11; 6 -- 12; 7 -- 12;
    9 -- 10; 9 -- 11; 9 -- 12; 10 -- 11; 10 -- 12; 11 -- 12;
    [[8, 9, 10, 11, 12], [9, 10, 11, 12], [10], [10], [11], [11], [12], [12], [0], [0, 1, 10, 11, 12], [0, 1, 2, 3, 9, 11, 12], [0, 1, 4, 5, 9, 10, 12], [0, 1, 6, 7, 9, 10, 11]]
}

graph r4_11_7e22 {
    0; 1; 2; 3; 4; 5; 6; 7; 8; 9; 10; 11; 12;
    0 -- 8; 0 -- 9; 0 -- 10; 0 -- 11; 0 -- 12; 1 -- 10; 2 -- 10;
    3 -- 10; 4 -- 11; 5 -- 11; 6 -- 12; 7 -- 12; 8 -- 9; 8 -- 10;
    8 -- 11; 8 -- 12; 9 -- 11; 9 -- 12; 10 -- 11; 10 -- 12; 11 -- 12;
    [[8, 9, 10, 11, 12], [10], [10], [10], [11], [11], [12], [12], [0, 9, 10, 11, 12], [0, 8, 11, 12], [0, 1, 2, 3, 8, 11, 12], [0, 4, 5, 8, 9, 10, 12], [0, 6, 7, 8, 9, 10, 11]]
}

graph r4_11_7e23 {
    0; 1; 2; 3; 4; 5; 6; 7; 8; 9; 10; 11; 12;
    0 -- 8; 0 -- 9; 0 -- 10; 0 -- 11; 0 -- 12; 1 -- 10; 2 -- 10;
    3 -- 11; 4 -- 11; 5 -- 11; 6 -- 12; 7 -- 12; 8 -- 9; 8 -- 10;
    8 -- 11; 8 -- 12; 9 -- 10; 9 -- 11; 9 -- 12; 10 -- 12; 11 -- 12;
    [[8, 9, 10, 11, 12], [10], [10], [11], [11], [11], [12], [12], [0, 9, 10, 11, 12], [0, 8, 10, 11, 12], [0, 1, 2, 8, 9, 12], [0, 3, 4, 5, 8, 9, 12], [0, 6, 7, 8, 9, 10, 11]]
}

graph r4_11_7e24 {
    0; 1; 2; 3; 4; 5; 6; 7; 8; 9; 10; 11; 12;
    0 -- 8; 0 -- 9; 0 -- 10; 0 -- 11; 0 -- 12; 1 -- 10; 2 -- 10;
    3 -- 11; 4 -- 11; 5 -- 12; 6 -- 12; 8 -- 9; 8 -- 10; 8 -- 11;
    8 -- 12; 9 -- 10; 9 -- 11; 9 -- 12; 10 -- 11; 10 -- 12; 11 -- 12;
    [[8, 9, 10, 11, 12], [10], [10], [11], [11], [12], [12], [], [0, 9, 10, 11, 12], [0, 8, 10, 11, 12], [0, 1, 2, 8, 9, 11, 12], [0, 3, 4, 8, 9, 10, 12], [0, 5, 6, 8, 9, 10, 11]]
}

graph r4_11_7e25 {
    0; 1; 2; 3; 4; 5; 6; 7; 8; 9; 10; 11; 12;
    0 -- 8; 0 -- 9; 0 -- 10; 0 -- 11; 0 -- 12; 1 -- 10; 2 -- 10;
    3 -- 11; 4 -- 11; 5 -- 12; 6 -- 12; 7 -- 12; 8 -- 9; 8 -- 10;
    8 -- 11; 8 -- 12; 9 -- 10; 9 -- 11; 9 -- 12; 10 -- 11; 10 -- 12;
    11 -- 12;
    [[8, 9, 10, 11, 12], [10], [10], [11], [11], [12], [12], [12], [0, 9, 10, 11, 12], [0, 8, 10, 11, 12], [0, 1, 2, 8, 9, 11, 12], [0, 3, 4, 8, 9, 10, 12], [0, 5, 6, 7, 8, 9, 10, 11]]
}

graph r4_11_7e26 {
    0; 1; 2; 3; 4; 5; 6; 7; 8; 9; 10; 11; 12;
    0 -- 8; 0 -- 10; 1 -- 9; 1 -- 10; 1 -- 11; 1 -- 12; 2 -- 9; 2 -- 10;
    2 -- 11; 2 -- 12; 3 -- 10; 4 -- 11; 5 -- 11; 6 -- 12; 7 -- 12;
    9 -- 10; 9 -- 11; 9 -- 12; 10 -- 11; 10 -- 12; 11 -- 12;
    [[8, 10], [9, 10, 11, 12], [9, 10, 11, 12], [10], [11], [11], [12], [12], [0], [1, 2, 10, 11, 12], [0, 1, 2, 3, 9, 11, 12], [1, 2, 4, 5, 9, 10, 12], [1, 2, 6, 7, 9, 10, 11]]
}

graph r4_11_7e27 {
    0; 1; 2; 3; 4; 5; 6; 7; 8; 9; 10; 11; 12;
    0 -- 8; 0 -- 9; 0 -- 10; 0 -- 11; 0 -- 12; 1 -- 9; 2 -- 10; 3 -- 10;
    4 -- 11; 5 -- 11; 6 -- 12; 7 -- 12; 8 -- 9; 8 -- 10; 8 -- 11;
    8 -- 12; 9 -- 10; 9 -- 11; 9 -- 12; 10 -- 11; 10 -- 12; 11 -- 12;
    [[8, 9, 10, 11, 12], [9], [10], [10], [11], [11], [12], [12], [0, 9, 10, 11, 12], [0, 1, 8, 10, 11, 12], [0, 2, 3, 8, 9, 11, 12], [0, 4, 5, 8, 9, 10, 12], [0, 6, 7, 8, 9, 10, 11]]
}

graph r4_11_7e28 {
    0; 1; 2; 3; 4; 5; 6; 7; 8; 9; 10; 11; 12;
    0 -- 7; 0 -- 9; 0 -- 10; 0 -- 11; 0 -- 12; 1 -- 8; 1 -- 10; 2 -- 10;
    3 -- 11; 4 -- 11; 5 -- 12; 6 -- 12; 7 -- 9; 7 -- 10; 7 -- 11;
    7 -- 12; 9 -- 10; 9 -- 11; 9 -- 12; 10 -- 11; 10 -- 12; 11 -- 12;
    [[7, 9, 10, 11, 12], [8, 10], [10], [11], [11], [12], [12], [0, 9, 10, 11, 12], [1], [0, 7, 10, 11, 12], [0, 1, 2, 7, 9, 11, 12], [0, 3, 4, 7, 9, 10, 12], [0, 5, 6, 7, 9, 10, 11]]
}

R^PG_4(11,7) = 14
28 extremal graph(s)
running time:108117.95198082924sec
