Finding R^PG_4(7,6)

Order & number of counterexample graphs:
0 1
1 1
2 2
3 4
4 11
5 33
6 33
7 0

33 extremal graph(s):

graph r4_7_6e1 {
    0; 1; 2; 3; 4; 5;
    [[], [], [], [], [], []]
}

graph r4_7_6e2 {
    0; 1; 2; 3; 4; 5;
    0 -- 5;
    [[5], [], [], [], [], [0]]
}

graph r4_7_6e3 {
    0; 1; 2; 3; 4; 5;
    0 -- 5; 1 -- 5;
    [[5], [5], [], [], [], [0, 1]]
}

graph r4_7_6e4 {
    0; 1; 2; 3; 4; 5;
    0 -- 5; 1 -- 5; 2 -- 5;
    [[5], [5], [5], [], [], [0, 1, 2]]
}

graph r4_7_6e5 {
    0; 1; 2; 3; 4; 5;
    0 -- 5; 1 -- 5; 2 -- 5; 3 -- 5;
    [[5], [5], [5], [5], [], [0, 1, 2, 3]]
}

graph r4_7_6e6 {
    0; 1; 2; 3; 4; 5;
    0 -- 4; 1 -- 5;
    [[4], [5], [], [], [0], [1]]
}

graph r4_7_6e7 {
    0; 1; 2; 3; 4; 5;
    0 -- 4; 0 -- 5; 1 -- 5;
    [[4, 5], [5], [], [], [0], [0, 1]]
}

graph r4_7_6e8 {
    0; 1; 2; 3; 4; 5;
    0 -- 4; 0 -- 5; 4 -- 5;
    [[4, 5], [], [], [], [0, 5], [0, 4]]
}

graph r4_7_6e9 {
    0; 1; 2; 3; 4; 5;
    0 -- 4; 1 -- 5; 2 -- 5;
    [[4], [5], [5], [], [0], [1, 2]]
}

graph r4_7_6e10 {
    0; 1; 2; 3; 4; 5;
    0 -- 4; 0 -- 5; 1 -- 5; 2 -- 5;
    [[4, 5], [5], [5], [], [0], [0, 1, 2]]
}

graph r4_7_6e11 {
    0; 1; 2; 3; 4; 5;
    0 -- 4; 0 -- 5; 1 -- 5; 4 -- 5;
    [[4, 5], [5], [], [], [0, 5], [0, 1, 4]]
}

graph r4_7_6e12 {
    0; 1; 2; 3; 4; 5;
    0 -- 4; 0 -- 5; 1 -- 5; 2 -- 5; 4 -- 5;
    [[4, 5], [5], [5], [], [0, 5], [0, 1, 2, 4]]
}

graph r4_7_6e13 {
    0; 1; 2; 3; 4; 5;
    0 -- 4; 0 -- 5; 1 -- 4; 1 -- 5;
    [[4, 5], [4, 5], [], [], [0, 1], [0, 1]]
}

graph r4_7_6e14 {
    0; 1; 2; 3; 4; 5;
    0 -- 4; 0 -- 5; 1 -- 4; 2 -- 5;
    [[4, 5], [4], [5], [], [0, 1], [0, 2]]
}

graph r4_7_6e15 {
    0; 1; 2; 3; 4; 5;
    0 -- 4; 0 -- 5; 1 -- 4; 1 -- 5; 2 -- 5;
    [[4, 5], [4, 5], [5], [], [0, 1], [0, 1, 2]]
}

graph r4_7_6e16 {
    0; 1; 2; 3; 4; 5;
    0 -- 4; 0 -- 5; 1 -- 4; 1 -- 5; 4 -- 5;
    [[4, 5], [4, 5], [], [], [0, 1, 5], [0, 1, 4]]
}

graph r4_7_6e17 {
    0; 1; 2; 3; 4; 5;
    0 -- 4; 0 -- 5; 1 -- 4; 2 -- 5; 4 -- 5;
    [[4, 5], [4], [5], [], [0, 1, 5], [0, 2, 4]]
}

graph r4_7_6e18 {
    0; 1; 2; 3; 4; 5;
    0 -- 4; 0 -- 5; 1 -- 4; 1 -- 5; 2 -- 5; 4 -- 5;
    [[4, 5], [4, 5], [5], [], [0, 1, 5], [0, 1, 2, 4]]
}

graph r4_7_6e19 {
    0; 1; 2; 3; 4; 5;
    0 -- 4; 0 -- 5; 1 -- 4; 1 -- 5; 2 -- 4; 2 -- 5;
    [[4, 5], [4, 5], [4, 5], [], [0, 1, 2], [0, 1, 2]]
}

graph r4_7_6e20 {
    0; 1; 2; 3; 4; 5;
    0 -- 4; 0 -- 5; 1 -- 4; 1 -- 5; 2 -- 4; 2 -- 5; 4 -- 5;
    [[4, 5], [4, 5], [4, 5], [], [0, 1, 2, 5], [0, 1, 2, 4]]
}

graph r4_7_6e21 {
    0; 1; 2; 3; 4; 5;
    0 -- 3; 0 -- 5; 1 -- 4; 3 -- 5;
    [[3, 5], [4], [], [0, 5], [1], [0, 3]]
}

graph r4_7_6e22 {
    0; 1; 2; 3; 4; 5;
    0 -- 3; 0 -- 5; 1 -- 4; 1 -- 5; 3 -- 5;
    [[3, 5], [4, 5], [], [0, 5], [1], [0, 1, 3]]
}

graph r4_7_6e23 {
    0; 1; 2; 3; 4; 5;
    0 -- 3; 0 -- 5; 1 -- 4; 1 -- 5; 3 -- 5; 4 -- 5;
    [[3, 5], [4, 5], [], [0, 5], [1, 5], [0, 1, 3, 4]]
}

graph r4_7_6e24 {
    0; 1; 2; 3; 4; 5;
    0 -- 3; 0 -- 4; 0 -- 5; 1 -- 4; 1 -- 5; 3 -- 5;
    [[3, 4, 5], [4, 5], [], [0, 5], [0, 1], [0, 1, 3]]
}

graph r4_7_6e25 {
    0; 1; 2; 3; 4; 5;
    0 -- 3; 0 -- 4; 0 -- 5; 1 -- 4; 1 -- 5; 4 -- 5;
    [[3, 4, 5], [4, 5], [], [0], [0, 1, 5], [0, 1, 4]]
}

graph r4_7_6e26 {
    0; 1; 2; 3; 4; 5;
    0 -- 3; 0 -- 4; 0 -- 5; 1 -- 4; 1 -- 5; 3 -- 5; 4 -- 5;
    [[3, 4, 5], [4, 5], [], [0, 5], [0, 1, 5], [0, 1, 3, 4]]
}

graph r4_7_6e27 {
    0; 1; 2; 3; 4; 5;
    0 -- 3; 0 -- 4; 0 -- 5; 3 -- 4; 3 -- 5; 4 -- 5;
    [[3, 4, 5], [], [], [0, 4, 5], [0, 3, 5], [0, 3, 4]]
}

graph r4_7_6e28 {
    0; 1; 2; 3; 4; 5;
    0 -- 3; 0 -- 4; 0 -- 5; 1 -- 5; 3 -- 4; 3 -- 5; 4 -- 5;
    [[3, 4, 5], [5], [], [0, 4, 5], [0, 3, 5], [0, 1, 3, 4]]
}

graph r4_7_6e29 {
    0; 1; 2; 3; 4; 5;
    0 -- 3; 0 -- 4; 0 -- 5; 1 -- 4; 1 -- 5; 3 -- 4; 3 -- 5;
    [[3, 4, 5], [4, 5], [], [0, 4, 5], [0, 1, 3], [0, 1, 3]]
}

graph r4_7_6e30 {
    0; 1; 2; 3; 4; 5;
    0 -- 3; 0 -- 4; 0 -- 5; 1 -- 4; 1 -- 5; 3 -- 4; 3 -- 5; 4 -- 5;
    [[3, 4, 5], [4, 5], [], [0, 4, 5], [0, 1, 3, 5], [0, 1, 3, 4]]
}

graph r4_7_6e31 {
    0; 1; 2; 3; 4; 5;
    0 -- 3; 0 -- 4; 0 -- 5; 1 -- 3; 1 -- 4; 1 -- 5; 3 -- 5; 4 -- 5;
    [[3, 4, 5], [3, 4, 5], [], [0, 1, 5], [0, 1, 5], [0, 1, 3, 4]]
}

graph r4_7_6e32 {
    0; 1; 2; 3; 4; 5;
    0 -- 3; 0 -- 4; 0 -- 5; 1 -- 3; 1 -- 4; 1 -- 5; 3 -- 4; 3 -- 5;
    4 -- 5;
    [[3, 4, 5], [3, 4, 5], [], [0, 1, 4, 5], [0, 1, 3, 5], [0, 1, 3, 4]]
}

graph r4_7_6e33 {
    0; 1; 2; 3; 4; 5;
    0 -- 2; 0 -- 3; 0 -- 4; 0 -- 5; 2 -- 3; 2 -- 4; 2 -- 5; 3 -- 4;
    3 -- 5; 4 -- 5;
    [[2, 3, 4, 5], [], [0, 3, 4, 5], [0, 2, 4, 5], [0, 2, 3, 5], [0, 2, 3, 4]]
}

R^PG_4(7,6) = 7
33 extremal graph(s)
running time:0.0617985725402832sec
