Finding R^PG_4(6,7)

Order & number of counterexample graphs:
0 1
1 1
2 2
3 4
4 11
5 33
6 33
7 0

33 extremal graph(s):

graph r4_6_7e1 {
    0; 1; 2; 3; 4; 5;
    0 -- 5; 1 -- 5; 2 -- 5; 3 -- 5; 4 -- 5;
    [[5], [5], [5], [5], [5], [0, 1, 2, 3, 4]]
}

graph r4_6_7e2 {
    0; 1; 2; 3; 4; 5;
    0 -- 4; 0 -- 5; 1 -- 5; 2 -- 5; 3 -- 5; 4 -- 5;
    [[4, 5], [5], [5], [5], [0, 5], [0, 1, 2, 3, 4]]
}

graph r4_6_7e3 {
    0; 1; 2; 3; 4; 5;
    0 -- 4; 0 -- 5; 1 -- 4; 1 -- 5; 2 -- 5; 3 -- 5; 4 -- 5;
    [[4, 5], [4, 5], [5], [5], [0, 1, 5], [0, 1, 2, 3, 4]]
}

graph r4_6_7e4 {
    0; 1; 2; 3; 4; 5;
    0 -- 4; 0 -- 5; 1 -- 4; 1 -- 5; 2 -- 4; 2 -- 5; 3 -- 5; 4 -- 5;
    [[4, 5], [4, 5], [4, 5], [5], [0, 1, 2, 5], [0, 1, 2, 3, 4]]
}

graph r4_6_7e5 {
    0; 1; 2; 3; 4; 5;
    0 -- 4; 0 -- 5; 1 -- 4; 1 -- 5; 2 -- 4; 2 -- 5; 3 -- 4; 3 -- 5;
    4 -- 5;
    [[4, 5], [4, 5], [4, 5], [4, 5], [0, 1, 2, 3, 5], [0, 1, 2, 3, 4]]
}

graph r4_6_7e6 {
    0; 1; 2; 3; 4; 5;
    0 -- 3; 0 -- 5; 1 -- 4; 1 -- 5; 2 -- 5; 3 -- 5; 4 -- 5;
    [[3, 5], [4, 5], [5], [0, 5], [1, 5], [0, 1, 2, 3, 4]]
}

graph r4_6_7e7 {
    0; 1; 2; 3; 4; 5;
    0 -- 3; 0 -- 4; 0 -- 5; 1 -- 4; 1 -- 5; 2 -- 5; 3 -- 5; 4 -- 5;
    [[3, 4, 5], [4, 5], [5], [0, 5], [0, 1, 5], [0, 1, 2, 3, 4]]
}

graph r4_6_7e8 {
    0; 1; 2; 3; 4; 5;
    0 -- 3; 0 -- 4; 0 -- 5; 1 -- 5; 2 -- 5; 3 -- 4; 3 -- 5; 4 -- 5;
    [[3, 4, 5], [5], [5], [0, 4, 5], [0, 3, 5], [0, 1, 2, 3, 4]]
}

graph r4_6_7e9 {
    0; 1; 2; 3; 4; 5;
    0 -- 3; 0 -- 5; 1 -- 4; 1 -- 5; 2 -- 4; 2 -- 5; 3 -- 5; 4 -- 5;
    [[3, 5], [4, 5], [4, 5], [0, 5], [1, 2, 5], [0, 1, 2, 3, 4]]
}

graph r4_6_7e10 {
    0; 1; 2; 3; 4; 5;
    0 -- 3; 0 -- 4; 0 -- 5; 1 -- 4; 1 -- 5; 2 -- 4; 2 -- 5; 3 -- 5;
    4 -- 5;
    [[3, 4, 5], [4, 5], [4, 5], [0, 5], [0, 1, 2, 5], [0, 1, 2, 3, 4]]
}

graph r4_6_7e11 {
    0; 1; 2; 3; 4; 5;
    0 -- 3; 0 -- 4; 0 -- 5; 1 -- 4; 1 -- 5; 2 -- 5; 3 -- 4; 3 -- 5;
    4 -- 5;
    [[3, 4, 5], [4, 5], [5], [0, 4, 5], [0, 1, 3, 5], [0, 1, 2, 3, 4]]
}

graph r4_6_7e12 {
    0; 1; 2; 3; 4; 5;
    0 -- 3; 0 -- 4; 0 -- 5; 1 -- 4; 1 -- 5; 2 -- 4; 2 -- 5; 3 -- 4;
    3 -- 5; 4 -- 5;
    [[3, 4, 5], [4, 5], [4, 5], [0, 4, 5], [0, 1, 2, 3, 5], [0, 1, 2, 3, 4]]
}

graph r4_6_7e13 {
    0; 1; 2; 3; 4; 5;
    0 -- 3; 0 -- 4; 0 -- 5; 1 -- 3; 1 -- 4; 1 -- 5; 2 -- 5; 3 -- 5;
    4 -- 5;
    [[3, 4, 5], [3, 4, 5], [5], [0, 1, 5], [0, 1, 5], [0, 1, 2, 3, 4]]
}

graph r4_6_7e14 {
    0; 1; 2; 3; 4; 5;
    0 -- 3; 0 -- 4; 0 -- 5; 1 -- 3; 1 -- 5; 2 -- 4; 2 -- 5; 3 -- 5;
    4 -- 5;
    [[3, 4, 5], [3, 5], [4, 5], [0, 1, 5], [0, 2, 5], [0, 1, 2, 3, 4]]
}

graph r4_6_7e15 {
    0; 1; 2; 3; 4; 5;
    0 -- 3; 0 -- 4; 0 -- 5; 1 -- 3; 1 -- 4; 1 -- 5; 2 -- 4; 2 -- 5;
    3 -- 5; 4 -- 5;
    [[3, 4, 5], [3, 4, 5], [4, 5], [0, 1, 5], [0, 1, 2, 5], [0, 1, 2, 3, 4]]
}

graph r4_6_7e16 {
    0; 1; 2; 3; 4; 5;
    0 -- 3; 0 -- 4; 0 -- 5; 1 -- 3; 1 -- 4; 1 -- 5; 2 -- 5; 3 -- 4;
    3 -- 5; 4 -- 5;
    [[3, 4, 5], [3, 4, 5], [5], [0, 1, 4, 5], [0, 1, 3, 5], [0, 1, 2, 3, 4]]
}

graph r4_6_7e17 {
    0; 1; 2; 3; 4; 5;
    0 -- 3; 0 -- 4; 0 -- 5; 1 -- 3; 1 -- 5; 2 -- 4; 2 -- 5; 3 -- 4;
    3 -- 5; 4 -- 5;
    [[3, 4, 5], [3, 5], [4, 5], [0, 1, 4, 5], [0, 2, 3, 5], [0, 1, 2, 3, 4]]
}

graph r4_6_7e18 {
    0; 1; 2; 3; 4; 5;
    0 -- 3; 0 -- 4; 0 -- 5; 1 -- 3; 1 -- 4; 1 -- 5; 2 -- 4; 2 -- 5;
    3 -- 4; 3 -- 5; 4 -- 5;
    [[3, 4, 5], [3, 4, 5], [4, 5], [0, 1, 4, 5], [0, 1, 2, 3, 5], [0, 1, 2, 3, 4]]
}

graph r4_6_7e19 {
    0; 1; 2; 3; 4; 5;
    0 -- 3; 0 -- 4; 0 -- 5; 1 -- 3; 1 -- 4; 1 -- 5; 2 -- 3; 2 -- 4;
    2 -- 5; 3 -- 5; 4 -- 5;
    [[3, 4, 5], [3, 4, 5], [3, 4, 5], [0, 1, 2, 5], [0, 1, 2, 5], [0, 1, 2, 3, 4]]
}

graph r4_6_7e20 {
    0; 1; 2; 3; 4; 5;
    0 -- 3; 0 -- 4; 0 -- 5; 1 -- 3; 1 -- 4; 1 -- 5; 2 -- 3; 2 -- 4;
    2 -- 5; 3 -- 4; 3 -- 5; 4 -- 5;
    [[3, 4, 5], [3, 4, 5], [3, 4, 5], [0, 1, 2, 4, 5], [0, 1, 2, 3, 5], [0, 1, 2, 3, 4]]
}

graph r4_6_7e21 {
    0; 1; 2; 3; 4; 5;
    0 -- 2; 0 -- 4; 0 -- 5; 1 -- 3; 1 -- 5; 2 -- 4; 2 -- 5; 3 -- 5;
    4 -- 5;
    [[2, 4, 5], [3, 5], [0, 4, 5], [1, 5], [0, 2, 5], [0, 1, 2, 3, 4]]
}

graph r4_6_7e22 {
    0; 1; 2; 3; 4; 5;
    0 -- 2; 0 -- 4; 0 -- 5; 1 -- 3; 1 -- 4; 1 -- 5; 2 -- 4; 2 -- 5;
    3 -- 5; 4 -- 5;
    [[2, 4, 5], [3, 4, 5], [0, 4, 5], [1, 5], [0, 1, 2, 5], [0, 1, 2, 3, 4]]
}

graph r4_6_7e23 {
    0; 1; 2; 3; 4; 5;
    0 -- 2; 0 -- 4; 0 -- 5; 1 -- 3; 1 -- 4; 1 -- 5; 2 -- 4; 2 -- 5;
    3 -- 4; 3 -- 5; 4 -- 5;
    [[2, 4, 5], [3, 4, 5], [0, 4, 5], [1, 4, 5], [0, 1, 2, 3, 5], [0, 1, 2, 3, 4]]
}

graph r4_6_7e24 {
    0; 1; 2; 3; 4; 5;
    0 -- 2; 0 -- 3; 0 -- 4; 0 -- 5; 1 -- 3; 1 -- 4; 1 -- 5; 2 -- 4;
    2 -- 5; 3 -- 5; 4 -- 5;
    [[2, 3, 4, 5], [3, 4, 5], [0, 4, 5], [0, 1, 5], [0, 1, 2, 5], [0, 1, 2, 3, 4]]
}

graph r4_6_7e25 {
    0; 1; 2; 3; 4; 5;
    0 -- 2; 0 -- 3; 0 -- 4; 0 -- 5; 1 -- 3; 1 -- 4; 1 -- 5; 2 -- 5;
    3 -- 4; 3 -- 5; 4 -- 5;
    [[2, 3, 4, 5], [3, 4, 5], [0, 5], [0, 1, 4, 5], [0, 1, 3, 5], [0, 1, 2, 3, 4]]
}

graph r4_6_7e26 {
    0; 1; 2; 3; 4; 5;
    0 -- 2; 0 -- 3; 0 -- 4; 0 -- 5; 1 -- 3; 1 -- 4; 1 -- 5; 2 -- 4;
    2 -- 5; 3 -- 4; 3 -- 5; 4 -- 5;
    [[2, 3, 4, 5], [3, 4, 5], [0, 4, 5], [0, 1, 4, 5], [0, 1, 2, 3, 5], [0, 1, 2, 3, 4]]
}

graph r4_6_7e27 {
    0; 1; 2; 3; 4; 5;
    0 -- 2; 0 -- 3; 0 -- 4; 0 -- 5; 1 -- 5; 2 -- 3; 2 -- 4; 2 -- 5;
    3 -- 4; 3 -- 5; 4 -- 5;
    [[2, 3, 4, 5], [5], [0, 3, 4, 5], [0, 2, 4, 5], [0, 2, 3, 5], [0, 1, 2, 3, 4]]
}

graph r4_6_7e28 {
    0; 1; 2; 3; 4; 5;
    0 -- 2; 0 -- 3; 0 -- 4; 0 -- 5; 1 -- 4; 1 -- 5; 2 -- 3; 2 -- 4;
    2 -- 5; 3 -- 4; 3 -- 5; 4 -- 5;
    [[2, 3, 4, 5], [4, 5], [0, 3, 4, 5], [0, 2, 4, 5], [0, 1, 2, 3, 5], [0, 1, 2, 3, 4]]
}

graph r4_6_7e29 {
    0; 1; 2; 3; 4; 5;
    0 -- 2; 0 -- 3; 0 -- 4; 0 -- 5; 1 -- 3; 1 -- 4; 1 -- 5; 2 -- 3;
    2 -- 4; 2 -- 5; 3 -- 5; 4 -- 5;
    [[2, 3, 4, 5], [3, 4, 5], [0, 3, 4, 5], [0, 1, 2, 5], [0, 1, 2, 5], [0, 1, 2, 3, 4]]
}

graph r4_6_7e30 {
    0; 1; 2; 3; 4; 5;
    0 -- 2; 0 -- 3; 0 -- 4; 0 -- 5; 1 -- 3; 1 -- 4; 1 -- 5; 2 -- 3;
    2 -- 4; 2 -- 5; 3 -- 4; 3 -- 5; 4 -- 5;
    [[2, 3, 4, 5], [3, 4, 5], [0, 3, 4, 5], [0, 1, 2, 4, 5], [0, 1, 2, 3, 5], [0, 1, 2, 3, 4]]
}

graph r4_6_7e31 {
    0; 1; 2; 3; 4; 5;
    0 -- 2; 0 -- 3; 0 -- 4; 0 -- 5; 1 -- 2; 1 -- 3; 1 -- 4; 1 -- 5;
    2 -- 4; 2 -- 5; 3 -- 4; 3 -- 5; 4 -- 5;
    [[2, 3, 4, 5], [2, 3, 4, 5], [0, 1, 4, 5], [0, 1, 4, 5], [0, 1, 2, 3, 5], [0, 1, 2, 3, 4]]
}

graph r4_6_7e32 {
    0; 1; 2; 3; 4; 5;
    0 -- 2; 0 -- 3; 0 -- 4; 0 -- 5; 1 -- 2; 1 -- 3; 1 -- 4; 1 -- 5;
    2 -- 3; 2 -- 4; 2 -- 5; 3 -- 4; 3 -- 5; 4 -- 5;
    [[2, 3, 4, 5], [2, 3, 4, 5], [0, 1, 3, 4, 5], [0, 1, 2, 4, 5], [0, 1, 2, 3, 5], [0, 1, 2, 3, 4]]
}

graph r4_6_7e33 {
    0; 1; 2; 3; 4; 5;
    0 -- 1; 0 -- 2; 0 -- 3; 0 -- 4; 0 -- 5; 1 -- 2; 1 -- 3; 1 -- 4;
    1 -- 5; 2 -- 3; 2 -- 4; 2 -- 5; 3 -- 4; 3 -- 5; 4 -- 5;
    [[1, 2, 3, 4, 5], [0, 2, 3, 4, 5], [0, 1, 3, 4, 5], [0, 1, 2, 4, 5], [0, 1, 2, 3, 5], [0, 1, 2, 3, 4]]
}

R^PG_4(6,7) = 7
33 extremal graph(s)
running time:0.06981301307678223sec
