Finding R^PG_4(9,6)

Order & number of counterexample graphs:
0 1
1 1
2 2
3 4
4 11
5 33
6 33
7 33
8 33
9 0

33 extremal graph(s):

graph r4_9_6e1 {
    0; 1; 2; 3; 4; 5; 6; 7;
    [[], [], [], [], [], [], [], []]
}

graph r4_9_6e2 {
    0; 1; 2; 3; 4; 5; 6; 7;
    0 -- 7;
    [[7], [], [], [], [], [], [], [0]]
}

graph r4_9_6e3 {
    0; 1; 2; 3; 4; 5; 6; 7;
    0 -- 7; 1 -- 7;
    [[7], [7], [], [], [], [], [], [0, 1]]
}

graph r4_9_6e4 {
    0; 1; 2; 3; 4; 5; 6; 7;
    0 -- 7; 1 -- 7; 2 -- 7;
    [[7], [7], [7], [], [], [], [], [0, 1, 2]]
}

graph r4_9_6e5 {
    0; 1; 2; 3; 4; 5; 6; 7;
    0 -- 7; 1 -- 7; 2 -- 7; 3 -- 7;
    [[7], [7], [7], [7], [], [], [], [0, 1, 2, 3]]
}

graph r4_9_6e6 {
    0; 1; 2; 3; 4; 5; 6; 7;
    0 -- 6; 1 -- 7;
    [[6], [7], [], [], [], [], [0], [1]]
}

graph r4_9_6e7 {
    0; 1; 2; 3; 4; 5; 6; 7;
    0 -- 6; 0 -- 7; 1 -- 7;
    [[6, 7], [7], [], [], [], [], [0], [0, 1]]
}

graph r4_9_6e8 {
    0; 1; 2; 3; 4; 5; 6; 7;
    0 -- 6; 0 -- 7; 6 -- 7;
    [[6, 7], [], [], [], [], [], [0, 7], [0, 6]]
}

graph r4_9_6e9 {
    0; 1; 2; 3; 4; 5; 6; 7;
    0 -- 6; 1 -- 7; 2 -- 7;
    [[6], [7], [7], [], [], [], [0], [1, 2]]
}

graph r4_9_6e10 {
    0; 1; 2; 3; 4; 5; 6; 7;
    0 -- 6; 0 -- 7; 1 -- 7; 2 -- 7;
    [[6, 7], [7], [7], [], [], [], [0], [0, 1, 2]]
}

graph r4_9_6e11 {
    0; 1; 2; 3; 4; 5; 6; 7;
    0 -- 6; 0 -- 7; 1 -- 7; 6 -- 7;
    [[6, 7], [7], [], [], [], [], [0, 7], [0, 1, 6]]
}

graph r4_9_6e12 {
    0; 1; 2; 3; 4; 5; 6; 7;
    0 -- 6; 0 -- 7; 1 -- 7; 2 -- 7; 6 -- 7;
    [[6, 7], [7], [7], [], [], [], [0, 7], [0, 1, 2, 6]]
}

graph r4_9_6e13 {
    0; 1; 2; 3; 4; 5; 6; 7;
    0 -- 6; 0 -- 7; 1 -- 6; 1 -- 7;
    [[6, 7], [6, 7], [], [], [], [], [0, 1], [0, 1]]
}

graph r4_9_6e14 {
    0; 1; 2; 3; 4; 5; 6; 7;
    0 -- 6; 0 -- 7; 1 -- 6; 2 -- 7;
    [[6, 7], [6], [7], [], [], [], [0, 1], [0, 2]]
}

graph r4_9_6e15 {
    0; 1; 2; 3; 4; 5; 6; 7;
    0 -- 6; 0 -- 7; 1 -- 6; 1 -- 7; 2 -- 7;
    [[6, 7], [6, 7], [7], [], [], [], [0, 1], [0, 1, 2]]
}

graph r4_9_6e16 {
    0; 1; 2; 3; 4; 5; 6; 7;
    0 -- 6; 0 -- 7; 1 -- 6; 1 -- 7; 6 -- 7;
    [[6, 7], [6, 7], [], [], [], [], [0, 1, 7], [0, 1, 6]]
}

graph r4_9_6e17 {
    0; 1; 2; 3; 4; 5; 6; 7;
    0 -- 6; 0 -- 7; 1 -- 6; 2 -- 7; 6 -- 7;
    [[6, 7], [6], [7], [], [], [], [0, 1, 7], [0, 2, 6]]
}

graph r4_9_6e18 {
    0; 1; 2; 3; 4; 5; 6; 7;
    0 -- 6; 0 -- 7; 1 -- 6; 1 -- 7; 2 -- 7; 6 -- 7;
    [[6, 7], [6, 7], [7], [], [], [], [0, 1, 7], [0, 1, 2, 6]]
}

graph r4_9_6e19 {
    0; 1; 2; 3; 4; 5; 6; 7;
    0 -- 6; 0 -- 7; 1 -- 6; 1 -- 7; 2 -- 6; 2 -- 7;
    [[6, 7], [6, 7], [6, 7], [], [], [], [0, 1, 2], [0, 1, 2]]
}

graph r4_9_6e20 {
    0; 1; 2; 3; 4; 5; 6; 7;
    0 -- 6; 0 -- 7; 1 -- 6; 1 -- 7; 2 -- 6; 2 -- 7; 6 -- 7;
    [[6, 7], [6, 7], [6, 7], [], [], [], [0, 1, 2, 7], [0, 1, 2, 6]]
}

graph r4_9_6e21 {
    0; 1; 2; 3; 4; 5; 6; 7;
    0 -- 5; 0 -- 7; 1 -- 6; 5 -- 7;
    [[5, 7], [6], [], [], [], [0, 7], [1], [0, 5]]
}

graph r4_9_6e22 {
    0; 1; 2; 3; 4; 5; 6; 7;
    0 -- 5; 0 -- 7; 1 -- 6; 1 -- 7; 5 -- 7;
    [[5, 7], [6, 7], [], [], [], [0, 7], [1], [0, 1, 5]]
}

graph r4_9_6e23 {
    0; 1; 2; 3; 4; 5; 6; 7;
    0 -- 5; 0 -- 7; 1 -- 6; 1 -- 7; 5 -- 7; 6 -- 7;
    [[5, 7], [6, 7], [], [], [], [0, 7], [1, 7], [0, 1, 5, 6]]
}

graph r4_9_6e24 {
    0; 1; 2; 3; 4; 5; 6; 7;
    0 -- 5; 0 -- 6; 0 -- 7; 1 -- 6; 1 -- 7; 5 -- 7;
    [[5, 6, 7], [6, 7], [], [], [], [0, 7], [0, 1], [0, 1, 5]]
}

graph r4_9_6e25 {
    0; 1; 2; 3; 4; 5; 6; 7;
    0 -- 5; 0 -- 6; 0 -- 7; 1 -- 6; 1 -- 7; 6 -- 7;
    [[5, 6, 7], [6, 7], [], [], [], [0], [0, 1, 7], [0, 1, 6]]
}

graph r4_9_6e26 {
    0; 1; 2; 3; 4; 5; 6; 7;
    0 -- 5; 0 -- 6; 0 -- 7; 1 -- 6; 1 -- 7; 5 -- 7; 6 -- 7;
    [[5, 6, 7], [6, 7], [], [], [], [0, 7], [0, 1, 7], [0, 1, 5, 6]]
}

graph r4_9_6e27 {
    0; 1; 2; 3; 4; 5; 6; 7;
    0 -- 5; 0 -- 6; 0 -- 7; 5 -- 6; 5 -- 7; 6 -- 7;
    [[5, 6, 7], [], [], [], [], [0, 6, 7], [0, 5, 7], [0, 5, 6]]
}

graph r4_9_6e28 {
    0; 1; 2; 3; 4; 5; 6; 7;
    0 -- 5; 0 -- 6; 0 -- 7; 1 -- 7; 5 -- 6; 5 -- 7; 6 -- 7;
    [[5, 6, 7], [7], [], [], [], [0, 6, 7], [0, 5, 7], [0, 1, 5, 6]]
}

graph r4_9_6e29 {
    0; 1; 2; 3; 4; 5; 6; 7;
    0 -- 5; 0 -- 6; 0 -- 7; 1 -- 6; 1 -- 7; 5 -- 6; 5 -- 7;
    [[5, 6, 7], [6, 7], [], [], [], [0, 6, 7], [0, 1, 5], [0, 1, 5]]
}

graph r4_9_6e30 {
    0; 1; 2; 3; 4; 5; 6; 7;
    0 -- 5; 0 -- 6; 0 -- 7; 1 -- 6; 1 -- 7; 5 -- 6; 5 -- 7; 6 -- 7;
    [[5, 6, 7], [6, 7], [], [], [], [0, 6, 7], [0, 1, 5, 7], [0, 1, 5, 6]]
}

graph r4_9_6e31 {
    0; 1; 2; 3; 4; 5; 6; 7;
    0 -- 5; 0 -- 6; 0 -- 7; 1 -- 5; 1 -- 6; 1 -- 7; 5 -- 7; 6 -- 7;
    [[5, 6, 7], [5, 6, 7], [], [], [], [0, 1, 7], [0, 1, 7], [0, 1, 5, 6]]
}

graph r4_9_6e32 {
    0; 1; 2; 3; 4; 5; 6; 7;
    0 -- 5; 0 -- 6; 0 -- 7; 1 -- 5; 1 -- 6; 1 -- 7; 5 -- 6; 5 -- 7;
    6 -- 7;
    [[5, 6, 7], [5, 6, 7], [], [], [], [0, 1, 6, 7], [0, 1, 5, 7], [0, 1, 5, 6]]
}

graph r4_9_6e33 {
    0; 1; 2; 3; 4; 5; 6; 7;
    0 -- 4; 0 -- 5; 0 -- 6; 0 -- 7; 4 -- 5; 4 -- 6; 4 -- 7; 5 -- 6;
    5 -- 7; 6 -- 7;
    [[4, 5, 6, 7], [], [], [], [0, 5, 6, 7], [0, 4, 6, 7], [0, 4, 5, 7], [0, 4, 5, 6]]
}

R^PG_4(9,6) = 9
33 extremal graph(s)
running time:0.5285866260528564sec
