Finding R^PG_4(8,6)

Order & number of counterexample graphs:
0 1
1 1
2 2
3 4
4 11
5 33
6 33
7 33
8 0

33 extremal graph(s):

graph r4_8_6e1 {
    0; 1; 2; 3; 4; 5; 6;
    [[], [], [], [], [], [], []]
}

graph r4_8_6e2 {
    0; 1; 2; 3; 4; 5; 6;
    0 -- 6;
    [[6], [], [], [], [], [], [0]]
}

graph r4_8_6e3 {
    0; 1; 2; 3; 4; 5; 6;
    0 -- 6; 1 -- 6;
    [[6], [6], [], [], [], [], [0, 1]]
}

graph r4_8_6e4 {
    0; 1; 2; 3; 4; 5; 6;
    0 -- 6; 1 -- 6; 2 -- 6;
    [[6], [6], [6], [], [], [], [0, 1, 2]]
}

graph r4_8_6e5 {
    0; 1; 2; 3; 4; 5; 6;
    0 -- 6; 1 -- 6; 2 -- 6; 3 -- 6;
    [[6], [6], [6], [6], [], [], [0, 1, 2, 3]]
}

graph r4_8_6e6 {
    0; 1; 2; 3; 4; 5; 6;
    0 -- 5; 1 -- 6;
    [[5], [6], [], [], [], [0], [1]]
}

graph r4_8_6e7 {
    0; 1; 2; 3; 4; 5; 6;
    0 -- 5; 0 -- 6; 1 -- 6;
    [[5, 6], [6], [], [], [], [0], [0, 1]]
}

graph r4_8_6e8 {
    0; 1; 2; 3; 4; 5; 6;
    0 -- 5; 0 -- 6; 5 -- 6;
    [[5, 6], [], [], [], [], [0, 6], [0, 5]]
}

graph r4_8_6e9 {
    0; 1; 2; 3; 4; 5; 6;
    0 -- 5; 1 -- 6; 2 -- 6;
    [[5], [6], [6], [], [], [0], [1, 2]]
}

graph r4_8_6e10 {
    0; 1; 2; 3; 4; 5; 6;
    0 -- 5; 0 -- 6; 1 -- 6; 2 -- 6;
    [[5, 6], [6], [6], [], [], [0], [0, 1, 2]]
}

graph r4_8_6e11 {
    0; 1; 2; 3; 4; 5; 6;
    0 -- 5; 0 -- 6; 1 -- 6; 5 -- 6;
    [[5, 6], [6], [], [], [], [0, 6], [0, 1, 5]]
}

graph r4_8_6e12 {
    0; 1; 2; 3; 4; 5; 6;
    0 -- 5; 0 -- 6; 1 -- 6; 2 -- 6; 5 -- 6;
    [[5, 6], [6], [6], [], [], [0, 6], [0, 1, 2, 5]]
}

graph r4_8_6e13 {
    0; 1; 2; 3; 4; 5; 6;
    0 -- 5; 0 -- 6; 1 -- 5; 1 -- 6;
    [[5, 6], [5, 6], [], [], [], [0, 1], [0, 1]]
}

graph r4_8_6e14 {
    0; 1; 2; 3; 4; 5; 6;
    0 -- 5; 0 -- 6; 1 -- 5; 2 -- 6;
    [[5, 6], [5], [6], [], [], [0, 1], [0, 2]]
}

graph r4_8_6e15 {
    0; 1; 2; 3; 4; 5; 6;
    0 -- 5; 0 -- 6; 1 -- 5; 1 -- 6; 2 -- 6;
    [[5, 6], [5, 6], [6], [], [], [0, 1], [0, 1, 2]]
}

graph r4_8_6e16 {
    0; 1; 2; 3; 4; 5; 6;
    0 -- 5; 0 -- 6; 1 -- 5; 1 -- 6; 5 -- 6;
    [[5, 6], [5, 6], [], [], [], [0, 1, 6], [0, 1, 5]]
}

graph r4_8_6e17 {
    0; 1; 2; 3; 4; 5; 6;
    0 -- 5; 0 -- 6; 1 -- 5; 2 -- 6; 5 -- 6;
    [[5, 6], [5], [6], [], [], [0, 1, 6], [0, 2, 5]]
}

graph r4_8_6e18 {
    0; 1; 2; 3; 4; 5; 6;
    0 -- 5; 0 -- 6; 1 -- 5; 1 -- 6; 2 -- 6; 5 -- 6;
    [[5, 6], [5, 6], [6], [], [], [0, 1, 6], [0, 1, 2, 5]]
}

graph r4_8_6e19 {
    0; 1; 2; 3; 4; 5; 6;
    0 -- 5; 0 -- 6; 1 -- 5; 1 -- 6; 2 -- 5; 2 -- 6;
    [[5, 6], [5, 6], [5, 6], [], [], [0, 1, 2], [0, 1, 2]]
}

graph r4_8_6e20 {
    0; 1; 2; 3; 4; 5; 6;
    0 -- 5; 0 -- 6; 1 -- 5; 1 -- 6; 2 -- 5; 2 -- 6; 5 -- 6;
    [[5, 6], [5, 6], [5, 6], [], [], [0, 1, 2, 6], [0, 1, 2, 5]]
}

graph r4_8_6e21 {
    0; 1; 2; 3; 4; 5; 6;
    0 -- 4; 0 -- 6; 1 -- 5; 4 -- 6;
    [[4, 6], [5], [], [], [0, 6], [1], [0, 4]]
}

graph r4_8_6e22 {
    0; 1; 2; 3; 4; 5; 6;
    0 -- 4; 0 -- 6; 1 -- 5; 1 -- 6; 4 -- 6;
    [[4, 6], [5, 6], [], [], [0, 6], [1], [0, 1, 4]]
}

graph r4_8_6e23 {
    0; 1; 2; 3; 4; 5; 6;
    0 -- 4; 0 -- 6; 1 -- 5; 1 -- 6; 4 -- 6; 5 -- 6;
    [[4, 6], [5, 6], [], [], [0, 6], [1, 6], [0, 1, 4, 5]]
}

graph r4_8_6e24 {
    0; 1; 2; 3; 4; 5; 6;
    0 -- 4; 0 -- 5; 0 -- 6; 1 -- 5; 1 -- 6; 4 -- 6;
    [[4, 5, 6], [5, 6], [], [], [0, 6], [0, 1], [0, 1, 4]]
}

graph r4_8_6e25 {
    0; 1; 2; 3; 4; 5; 6;
    0 -- 4; 0 -- 5; 0 -- 6; 1 -- 5; 1 -- 6; 5 -- 6;
    [[4, 5, 6], [5, 6], [], [], [0], [0, 1, 6], [0, 1, 5]]
}

graph r4_8_6e26 {
    0; 1; 2; 3; 4; 5; 6;
    0 -- 4; 0 -- 5; 0 -- 6; 1 -- 5; 1 -- 6; 4 -- 6; 5 -- 6;
    [[4, 5, 6], [5, 6], [], [], [0, 6], [0, 1, 6], [0, 1, 4, 5]]
}

graph r4_8_6e27 {
    0; 1; 2; 3; 4; 5; 6;
    0 -- 4; 0 -- 5; 0 -- 6; 4 -- 5; 4 -- 6; 5 -- 6;
    [[4, 5, 6], [], [], [], [0, 5, 6], [0, 4, 6], [0, 4, 5]]
}

graph r4_8_6e28 {
    0; 1; 2; 3; 4; 5; 6;
    0 -- 4; 0 -- 5; 0 -- 6; 1 -- 6; 4 -- 5; 4 -- 6; 5 -- 6;
    [[4, 5, 6], [6], [], [], [0, 5, 6], [0, 4, 6], [0, 1, 4, 5]]
}

graph r4_8_6e29 {
    0; 1; 2; 3; 4; 5; 6;
    0 -- 4; 0 -- 5; 0 -- 6; 1 -- 5; 1 -- 6; 4 -- 5; 4 -- 6;
    [[4, 5, 6], [5, 6], [], [], [0, 5, 6], [0, 1, 4], [0, 1, 4]]
}

graph r4_8_6e30 {
    0; 1; 2; 3; 4; 5; 6;
    0 -- 4; 0 -- 5; 0 -- 6; 1 -- 5; 1 -- 6; 4 -- 5; 4 -- 6; 5 -- 6;
    [[4, 5, 6], [5, 6], [], [], [0, 5, 6], [0, 1, 4, 6], [0, 1, 4, 5]]
}

graph r4_8_6e31 {
    0; 1; 2; 3; 4; 5; 6;
    0 -- 4; 0 -- 5; 0 -- 6; 1 -- 4; 1 -- 5; 1 -- 6; 4 -- 6; 5 -- 6;
    [[4, 5, 6], [4, 5, 6], [], [], [0, 1, 6], [0, 1, 6], [0, 1, 4, 5]]
}

graph r4_8_6e32 {
    0; 1; 2; 3; 4; 5; 6;
    0 -- 4; 0 -- 5; 0 -- 6; 1 -- 4; 1 -- 5; 1 -- 6; 4 -- 5; 4 -- 6;
    5 -- 6;
    [[4, 5, 6], [4, 5, 6], [], [], [0, 1, 5, 6], [0, 1, 4, 6], [0, 1, 4, 5]]
}

graph r4_8_6e33 {
    0; 1; 2; 3; 4; 5; 6;
    0 -- 3; 0 -- 4; 0 -- 5; 0 -- 6; 3 -- 4; 3 -- 5; 3 -- 6; 4 -- 5;
    4 -- 6; 5 -- 6;
    [[3, 4, 5, 6], [], [], [0, 4, 5, 6], [0, 3, 5, 6], [0, 3, 4, 6], [0, 3, 4, 5]]
}

R^PG_4(8,6) = 8
33 extremal graph(s)
running time:0.18749761581420898sec
