Finding R^PG_4(8,7)

Order & number of counterexample graphs:
0 1
1 1
2 2
3 4
4 11
5 33
6 148
7 501
8 904
9 84
10 0

84 extremal graph(s):

graph r4_8_7e1 {
    0; 1; 2; 3; 4; 5; 6; 7; 8;
    0 -- 7; 0 -- 8; 1 -- 7; 1 -- 8; 2 -- 7; 2 -- 8; 3 -- 7; 3 -- 8;
    4 -- 7; 5 -- 8; 6 -- 8;
    [[7, 8], [7, 8], [7, 8], [7, 8], [7], [8], [8], [0, 1, 2, 3, 4], [0, 1, 2, 3, 5, 6]]
}

graph r4_8_7e2 {
    0; 1; 2; 3; 4; 5; 6; 7; 8;
    0 -- 7; 0 -- 8; 1 -- 7; 1 -- 8; 2 -- 7; 2 -- 8; 3 -- 7; 3 -- 8;
    4 -- 7; 5 -- 8; 7 -- 8;
    [[7, 8], [7, 8], [7, 8], [7, 8], [7], [8], [], [0, 1, 2, 3, 4, 8], [0, 1, 2, 3, 5, 7]]
}

graph r4_8_7e3 {
    0; 1; 2; 3; 4; 5; 6; 7; 8;
    0 -- 7; 0 -- 8; 1 -- 7; 1 -- 8; 2 -- 7; 2 -- 8; 3 -- 7; 4 -- 7;
    5 -- 8; 6 -- 8; 7 -- 8;
    [[7, 8], [7, 8], [7, 8], [7], [7], [8], [8], [0, 1, 2, 3, 4, 8], [0, 1, 2, 5, 6, 7]]
}

graph r4_8_7e4 {
    0; 1; 2; 3; 4; 5; 6; 7; 8;
    0 -- 7; 0 -- 8; 1 -- 7; 1 -- 8; 2 -- 7; 2 -- 8; 3 -- 7; 3 -- 8;
    4 -- 7; 5 -- 8; 6 -- 8; 7 -- 8;
    [[7, 8], [7, 8], [7, 8], [7, 8], [7], [8], [8], [0, 1, 2, 3, 4, 8], [0, 1, 2, 3, 5, 6, 7]]
}

graph r4_8_7e5 {
    0; 1; 2; 3; 4; 5; 6; 7; 8;
    0 -- 6; 0 -- 7; 0 -- 8; 1 -- 7; 1 -- 8; 2 -- 7; 2 -- 8; 3 -- 7;
    3 -- 8; 4 -- 7; 5 -- 8; 7 -- 8;
    [[6, 7, 8], [7, 8], [7, 8], [7, 8], [7], [8], [0], [0, 1, 2, 3, 4, 8], [0, 1, 2, 3, 5, 7]]
}

graph r4_8_7e6 {
    0; 1; 2; 3; 4; 5; 6; 7; 8;
    0 -- 6; 0 -- 7; 0 -- 8; 1 -- 7; 1 -- 8; 2 -- 7; 2 -- 8; 3 -- 7;
    4 -- 7; 5 -- 8; 6 -- 8; 7 -- 8;
    [[6, 7, 8], [7, 8], [7, 8], [7], [7], [8], [0, 8], [0, 1, 2, 3, 4, 8], [0, 1, 2, 5, 6, 7]]
}

graph r4_8_7e7 {
    0; 1; 2; 3; 4; 5; 6; 7; 8;
    0 -- 6; 0 -- 7; 1 -- 7; 1 -- 8; 2 -- 7; 2 -- 8; 3 -- 7; 3 -- 8;
    4 -- 7; 4 -- 8; 5 -- 8; 7 -- 8;
    [[6, 7], [7, 8], [7, 8], [7, 8], [7, 8], [8], [0], [0, 1, 2, 3, 4, 8], [1, 2, 3, 4, 5, 7]]
}

graph r4_8_7e8 {
    0; 1; 2; 3; 4; 5; 6; 7; 8;
    0 -- 6; 0 -- 7; 0 -- 8; 1 -- 7; 1 -- 8; 2 -- 7; 2 -- 8; 3 -- 7;
    4 -- 8; 5 -- 8; 6 -- 7; 6 -- 8;
    [[6, 7, 8], [7, 8], [7, 8], [7], [8], [8], [0, 7, 8], [0, 1, 2, 3, 6], [0, 1, 2, 4, 5, 6]]
}

graph r4_8_7e9 {
    0; 1; 2; 3; 4; 5; 6; 7; 8;
    0 -- 6; 0 -- 7; 0 -- 8; 1 -- 7; 1 -- 8; 2 -- 7; 2 -- 8; 3 -- 7;
    4 -- 8; 6 -- 7; 6 -- 8; 7 -- 8;
    [[6, 7, 8], [7, 8], [7, 8], [7], [8], [], [0, 7, 8], [0, 1, 2, 3, 6, 8], [0, 1, 2, 4, 6, 7]]
}

graph r4_8_7e10 {
    0; 1; 2; 3; 4; 5; 6; 7; 8;
    0 -- 6; 0 -- 7; 0 -- 8; 1 -- 7; 1 -- 8; 2 -- 7; 3 -- 7; 4 -- 8;
    5 -- 8; 6 -- 7; 6 -- 8; 7 -- 8;
    [[6, 7, 8], [7, 8], [7], [7], [8], [8], [0, 7, 8], [0, 1, 2, 3, 6, 8], [0, 1, 4, 5, 6, 7]]
}

graph r4_8_7e11 {
    0; 1; 2; 3; 4; 5; 6; 7; 8;
    0 -- 6; 0 -- 7; 0 -- 8; 1 -- 7; 1 -- 8; 2 -- 7; 2 -- 8; 3 -- 7;
    4 -- 8; 5 -- 8; 6 -- 7; 6 -- 8; 7 -- 8;
    [[6, 7, 8], [7, 8], [7, 8], [7], [8], [8], [0, 7, 8], [0, 1, 2, 3, 6, 8], [0, 1, 2, 4, 5, 6, 7]]
}

graph r4_8_7e12 {
    0; 1; 2; 3; 4; 5; 6; 7; 8;
    0 -- 6; 0 -- 7; 0 -- 8; 1 -- 6; 1 -- 7; 1 -- 8; 2 -- 7; 2 -- 8;
    3 -- 7; 4 -- 7; 5 -- 8; 6 -- 8; 7 -- 8;
    [[6, 7, 8], [6, 7, 8], [7, 8], [7], [7], [8], [0, 1, 8], [0, 1, 2, 3, 4, 8], [0, 1, 2, 5, 6, 7]]
}

graph r4_8_7e13 {
    0; 1; 2; 3; 4; 5; 6; 7; 8;
    0 -- 6; 0 -- 7; 0 -- 8; 1 -- 6; 1 -- 7; 1 -- 8; 2 -- 7; 2 -- 8;
    3 -- 7; 4 -- 8; 5 -- 8; 6 -- 7; 6 -- 8;
    [[6, 7, 8], [6, 7, 8], [7, 8], [7], [8], [8], [0, 1, 7, 8], [0, 1, 2, 3, 6], [0, 1, 2, 4, 5, 6]]
}

graph r4_8_7e14 {
    0; 1; 2; 3; 4; 5; 6; 7; 8;
    0 -- 6; 0 -- 7; 0 -- 8; 1 -- 6; 1 -- 7; 1 -- 8; 2 -- 7; 2 -- 8;
    3 -- 7; 4 -- 8; 6 -- 7; 6 -- 8; 7 -- 8;
    [[6, 7, 8], [6, 7, 8], [7, 8], [7], [8], [], [0, 1, 7, 8], [0, 1, 2, 3, 6, 8], [0, 1, 2, 4, 6, 7]]
}

graph r4_8_7e15 {
    0; 1; 2; 3; 4; 5; 6; 7; 8;
    0 -- 6; 0 -- 7; 0 -- 8; 1 -- 6; 1 -- 7; 1 -- 8; 2 -- 7; 3 -- 7;
    4 -- 8; 5 -- 8; 6 -- 7; 6 -- 8; 7 -- 8;
    [[6, 7, 8], [6, 7, 8], [7], [7], [8], [8], [0, 1, 7, 8], [0, 1, 2, 3, 6, 8], [0, 1, 4, 5, 6, 7]]
}

graph r4_8_7e16 {
    0; 1; 2; 3; 4; 5; 6; 7; 8;
    0 -- 6; 0 -- 7; 0 -- 8; 1 -- 6; 1 -- 7; 2 -- 7; 2 -- 8; 3 -- 7;
    4 -- 8; 5 -- 8; 6 -- 7; 6 -- 8; 7 -- 8;
    [[6, 7, 8], [6, 7], [7, 8], [7], [8], [8], [0, 1, 7, 8], [0, 1, 2, 3, 6, 8], [0, 2, 4, 5, 6, 7]]
}

graph r4_8_7e17 {
    0; 1; 2; 3; 4; 5; 6; 7; 8;
    0 -- 6; 0 -- 7; 0 -- 8; 1 -- 6; 1 -- 7; 1 -- 8; 2 -- 7; 2 -- 8;
    3 -- 7; 4 -- 8; 5 -- 8; 6 -- 7; 6 -- 8; 7 -- 8;
    [[6, 7, 8], [6, 7, 8], [7, 8], [7], [8], [8], [0, 1, 7, 8], [0, 1, 2, 3, 6, 8], [0, 1, 2, 4, 5, 6, 7]]
}

graph r4_8_7e18 {
    0; 1; 2; 3; 4; 5; 6; 7; 8;
    0 -- 6; 0 -- 7; 0 -- 8; 1 -- 6; 2 -- 7; 2 -- 8; 3 -- 7; 3 -- 8;
    4 -- 7; 5 -- 8; 6 -- 7; 6 -- 8; 7 -- 8;
    [[6, 7, 8], [6], [7, 8], [7, 8], [7], [8], [0, 1, 7, 8], [0, 2, 3, 4, 6, 8], [0, 2, 3, 5, 6, 7]]
}

graph r4_8_7e19 {
    0; 1; 2; 3; 4; 5; 6; 7; 8;
    0 -- 6; 0 -- 7; 0 -- 8; 1 -- 6; 1 -- 7; 1 -- 8; 2 -- 6; 2 -- 7;
    2 -- 8; 3 -- 7; 4 -- 7; 5 -- 8; 6 -- 8; 7 -- 8;
    [[6, 7, 8], [6, 7, 8], [6, 7, 8], [7], [7], [8], [0, 1, 2, 8], [0, 1, 2, 3, 4, 8], [0, 1, 2, 5, 6, 7]]
}

graph r4_8_7e20 {
    0; 1; 2; 3; 4; 5; 6; 7; 8;
    0 -- 6; 0 -- 7; 0 -- 8; 1 -- 6; 1 -- 7; 1 -- 8; 2 -- 6; 2 -- 7;
    2 -- 8; 3 -- 7; 4 -- 8; 5 -- 8; 6 -- 7; 6 -- 8;
    [[6, 7, 8], [6, 7, 8], [6, 7, 8], [7], [8], [8], [0, 1, 2, 7, 8], [0, 1, 2, 3, 6], [0, 1, 2, 4, 5, 6]]
}

graph r4_8_7e21 {
    0; 1; 2; 3; 4; 5; 6; 7; 8;
    0 -- 6; 0 -- 7; 0 -- 8; 1 -- 6; 1 -- 7; 1 -- 8; 2 -- 6; 2 -- 7;
    2 -- 8; 3 -- 7; 4 -- 8; 6 -- 7; 6 -- 8; 7 -- 8;
    [[6, 7, 8], [6, 7, 8], [6, 7, 8], [7], [8], [], [0, 1, 2, 7, 8], [0, 1, 2, 3, 6, 8], [0, 1, 2, 4, 6, 7]]
}

graph r4_8_7e22 {
    0; 1; 2; 3; 4; 5; 6; 7; 8;
    0 -- 6; 0 -- 7; 0 -- 8; 1 -- 6; 1 -- 7; 1 -- 8; 2 -- 6; 2 -- 7;
    3 -- 7; 4 -- 8; 5 -- 8; 6 -- 7; 6 -- 8; 7 -- 8;
    [[6, 7, 8], [6, 7, 8], [6, 7], [7], [8], [8], [0, 1, 2, 7, 8], [0, 1, 2, 3, 6, 8], [0, 1, 4, 5, 6, 7]]
}

graph r4_8_7e23 {
    0; 1; 2; 3; 4; 5; 6; 7; 8;
    0 -- 6; 0 -- 7; 0 -- 8; 1 -- 6; 1 -- 7; 1 -- 8; 2 -- 6; 2 -- 7;
    2 -- 8; 3 -- 7; 4 -- 8; 5 -- 8; 6 -- 7; 6 -- 8; 7 -- 8;
    [[6, 7, 8], [6, 7, 8], [6, 7, 8], [7], [8], [8], [0, 1, 2, 7, 8], [0, 1, 2, 3, 6, 8], [0, 1, 2, 4, 5, 6, 7]]
}

graph r4_8_7e24 {
    0; 1; 2; 3; 4; 5; 6; 7; 8;
    0 -- 6; 0 -- 7; 0 -- 8; 1 -- 6; 1 -- 7; 1 -- 8; 2 -- 6; 3 -- 7;
    3 -- 8; 4 -- 7; 5 -- 8; 6 -- 7; 6 -- 8; 7 -- 8;
    [[6, 7, 8], [6, 7, 8], [6], [7, 8], [7], [8], [0, 1, 2, 7, 8], [0, 1, 3, 4, 6, 8], [0, 1, 3, 5, 6, 7]]
}

graph r4_8_7e25 {
    0; 1; 2; 3; 4; 5; 6; 7; 8;
    0 -- 6; 0 -- 7; 0 -- 8; 1 -- 6; 1 -- 7; 1 -- 8; 2 -- 6; 2 -- 7;
    2 -- 8; 3 -- 6; 4 -- 7; 5 -- 8; 6 -- 7; 6 -- 8; 7 -- 8;
    [[6, 7, 8], [6, 7, 8], [6, 7, 8], [6], [7], [8], [0, 1, 2, 3, 7, 8], [0, 1, 2, 4, 6, 8], [0, 1, 2, 5, 6, 7]]
}

graph r4_8_7e26 {
    0; 1; 2; 3; 4; 5; 6; 7; 8;
    0 -- 5; 0 -- 7; 0 -- 8; 1 -- 6; 1 -- 7; 1 -- 8; 2 -- 7; 2 -- 8;
    3 -- 7; 4 -- 8; 5 -- 7; 5 -- 8; 7 -- 8;
    [[5, 7, 8], [6, 7, 8], [7, 8], [7], [8], [0, 7, 8], [1], [0, 1, 2, 3, 5, 8], [0, 1, 2, 4, 5, 7]]
}

graph r4_8_7e27 {
    0; 1; 2; 3; 4; 5; 6; 7; 8;
    0 -- 5; 0 -- 7; 0 -- 8; 1 -- 6; 1 -- 7; 1 -- 8; 2 -- 7; 3 -- 7;
    4 -- 8; 5 -- 7; 5 -- 8; 6 -- 8; 7 -- 8;
    [[5, 7, 8], [6, 7, 8], [7], [7], [8], [0, 7, 8], [1, 8], [0, 1, 2, 3, 5, 8], [0, 1, 4, 5, 6, 7]]
}

graph r4_8_7e28 {
    0; 1; 2; 3; 4; 5; 6; 7; 8;
    0 -- 5; 0 -- 7; 0 -- 8; 1 -- 6; 1 -- 7; 2 -- 7; 2 -- 8; 3 -- 7;
    3 -- 8; 4 -- 8; 5 -- 7; 5 -- 8; 7 -- 8;
    [[5, 7, 8], [6, 7], [7, 8], [7, 8], [8], [0, 7, 8], [1], [0, 1, 2, 3, 5, 8], [0, 2, 3, 4, 5, 7]]
}

graph r4_8_7e29 {
    0; 1; 2; 3; 4; 5; 6; 7; 8;
    0 -- 5; 0 -- 7; 0 -- 8; 1 -- 6; 1 -- 7; 1 -- 8; 2 -- 7; 3 -- 8;
    4 -- 8; 5 -- 7; 5 -- 8; 6 -- 7; 6 -- 8;
    [[5, 7, 8], [6, 7, 8], [7], [8], [8], [0, 7, 8], [1, 7, 8], [0, 1, 2, 5, 6], [0, 1, 3, 4, 5, 6]]
}

graph r4_8_7e30 {
    0; 1; 2; 3; 4; 5; 6; 7; 8;
    0 -- 5; 0 -- 7; 0 -- 8; 1 -- 6; 1 -- 7; 1 -- 8; 2 -- 7; 3 -- 8;
    5 -- 7; 5 -- 8; 6 -- 7; 6 -- 8; 7 -- 8;
    [[5, 7, 8], [6, 7, 8], [7], [8], [], [0, 7, 8], [1, 7, 8], [0, 1, 2, 5, 6, 8], [0, 1, 3, 5, 6, 7]]
}

graph r4_8_7e31 {
    0; 1; 2; 3; 4; 5; 6; 7; 8;
    0 -- 5; 0 -- 7; 0 -- 8; 1 -- 6; 1 -- 7; 1 -- 8; 2 -- 7; 3 -- 8;
    4 -- 8; 5 -- 7; 5 -- 8; 6 -- 7; 6 -- 8; 7 -- 8;
    [[5, 7, 8], [6, 7, 8], [7], [8], [8], [0, 7, 8], [1, 7, 8], [0, 1, 2, 5, 6, 8], [0, 1, 3, 4, 5, 6, 7]]
}

graph r4_8_7e32 {
    0; 1; 2; 3; 4; 5; 6; 7; 8;
    0 -- 5; 0 -- 6; 0 -- 7; 0 -- 8; 1 -- 6; 1 -- 7; 1 -- 8; 2 -- 7;
    3 -- 7; 4 -- 8; 5 -- 7; 5 -- 8; 6 -- 8; 7 -- 8;
    [[5, 6, 7, 8], [6, 7, 8], [7], [7], [8], [0, 7, 8], [0, 1, 8], [0, 1, 2, 3, 5, 8], [0, 1, 4, 5, 6, 7]]
}

graph r4_8_7e33 {
    0; 1; 2; 3; 4; 5; 6; 7; 8;
    0 -- 5; 0 -- 6; 0 -- 7; 0 -- 8; 1 -- 6; 1 -- 7; 1 -- 8; 2 -- 7;
    2 -- 8; 3 -- 7; 4 -- 8; 6 -- 7; 6 -- 8; 7 -- 8;
    [[5, 6, 7, 8], [6, 7, 8], [7, 8], [7], [8], [0], [0, 1, 7, 8], [0, 1, 2, 3, 6, 8], [0, 1, 2, 4, 6, 7]]
}

graph r4_8_7e34 {
    0; 1; 2; 3; 4; 5; 6; 7; 8;
    0 -- 5; 0 -- 6; 0 -- 7; 0 -- 8; 1 -- 6; 1 -- 7; 1 -- 8; 2 -- 7;
    3 -- 7; 4 -- 8; 5 -- 8; 6 -- 7; 6 -- 8; 7 -- 8;
    [[5, 6, 7, 8], [6, 7, 8], [7], [7], [8], [0, 8], [0, 1, 7, 8], [0, 1, 2, 3, 6, 8], [0, 1, 4, 5, 6, 7]]
}

graph r4_8_7e35 {
    0; 1; 2; 3; 4; 5; 6; 7; 8;
    0 -- 5; 0 -- 6; 0 -- 7; 0 -- 8; 1 -- 6; 1 -- 7; 1 -- 8; 2 -- 7;
    3 -- 8; 4 -- 8; 5 -- 7; 5 -- 8; 6 -- 7; 6 -- 8;
    [[5, 6, 7, 8], [6, 7, 8], [7], [8], [8], [0, 7, 8], [0, 1, 7, 8], [0, 1, 2, 5, 6], [0, 1, 3, 4, 5, 6]]
}

graph r4_8_7e36 {
    0; 1; 2; 3; 4; 5; 6; 7; 8;
    0 -- 5; 0 -- 6; 0 -- 7; 0 -- 8; 1 -- 6; 1 -- 7; 1 -- 8; 2 -- 7;
    3 -- 8; 5 -- 7; 5 -- 8; 6 -- 7; 6 -- 8; 7 -- 8;
    [[5, 6, 7, 8], [6, 7, 8], [7], [8], [], [0, 7, 8], [0, 1, 7, 8], [0, 1, 2, 5, 6, 8], [0, 1, 3, 5, 6, 7]]
}

graph r4_8_7e37 {
    0; 1; 2; 3; 4; 5; 6; 7; 8;
    0 -- 5; 0 -- 6; 0 -- 7; 0 -- 8; 1 -- 6; 1 -- 7; 1 -- 8; 2 -- 7;
    3 -- 8; 4 -- 8; 5 -- 7; 5 -- 8; 6 -- 7; 6 -- 8; 7 -- 8;
    [[5, 6, 7, 8], [6, 7, 8], [7], [8], [8], [0, 7, 8], [0, 1, 7, 8], [0, 1, 2, 5, 6, 8], [0, 1, 3, 4, 5, 6, 7]]
}

graph r4_8_7e38 {
    0; 1; 2; 3; 4; 5; 6; 7; 8;
    0 -- 5; 0 -- 6; 0 -- 7; 0 -- 8; 1 -- 7; 1 -- 8; 2 -- 7; 3 -- 7;
    4 -- 8; 5 -- 6; 5 -- 7; 5 -- 8; 6 -- 8; 7 -- 8;
    [[5, 6, 7, 8], [7, 8], [7], [7], [8], [0, 6, 7, 8], [0, 5, 8], [0, 1, 2, 3, 5, 8], [0, 1, 4, 5, 6, 7]]
}

graph r4_8_7e39 {
    0; 1; 2; 3; 4; 5; 6; 7; 8;
    0 -- 5; 0 -- 6; 0 -- 7; 0 -- 8; 1 -- 7; 1 -- 8; 2 -- 7; 3 -- 8;
    4 -- 8; 5 -- 6; 5 -- 7; 5 -- 8; 6 -- 7; 6 -- 8;
    [[5, 6, 7, 8], [7, 8], [7], [8], [8], [0, 6, 7, 8], [0, 5, 7, 8], [0, 1, 2, 5, 6], [0, 1, 3, 4, 5, 6]]
}

graph r4_8_7e40 {
    0; 1; 2; 3; 4; 5; 6; 7; 8;
    0 -- 5; 0 -- 6; 0 -- 7; 0 -- 8; 1 -- 7; 1 -- 8; 2 -- 7; 3 -- 8;
    5 -- 6; 5 -- 7; 5 -- 8; 6 -- 7; 6 -- 8; 7 -- 8;
    [[5, 6, 7, 8], [7, 8], [7], [8], [], [0, 6, 7, 8], [0, 5, 7, 8], [0, 1, 2, 5, 6, 8], [0, 1, 3, 5, 6, 7]]
}

graph r4_8_7e41 {
    0; 1; 2; 3; 4; 5; 6; 7; 8;
    0 -- 5; 0 -- 6; 0 -- 7; 0 -- 8; 1 -- 7; 2 -- 7; 3 -- 8; 4 -- 8;
    5 -- 6; 5 -- 7; 5 -- 8; 6 -- 7; 6 -- 8; 7 -- 8;
    [[5, 6, 7, 8], [7], [7], [8], [8], [0, 6, 7, 8], [0, 5, 7, 8], [0, 1, 2, 5, 6, 8], [0, 3, 4, 5, 6, 7]]
}

graph r4_8_7e42 {
    0; 1; 2; 3; 4; 5; 6; 7; 8;
    0 -- 5; 0 -- 6; 0 -- 7; 0 -- 8; 1 -- 7; 1 -- 8; 2 -- 7; 3 -- 8;
    4 -- 8; 5 -- 6; 5 -- 7; 5 -- 8; 6 -- 7; 6 -- 8; 7 -- 8;
    [[5, 6, 7, 8], [7, 8], [7], [8], [8], [0, 6, 7, 8], [0, 5, 7, 8], [0, 1, 2, 5, 6, 8], [0, 1, 3, 4, 5, 6, 7]]
}

graph r4_8_7e43 {
    0; 1; 2; 3; 4; 5; 6; 7; 8;
    0 -- 5; 0 -- 7; 0 -- 8; 1 -- 6; 1 -- 7; 1 -- 8; 2 -- 6; 2 -- 7;
    2 -- 8; 3 -- 7; 4 -- 8; 6 -- 7; 6 -- 8; 7 -- 8;
    [[5, 7, 8], [6, 7, 8], [6, 7, 8], [7], [8], [0], [1, 2, 7, 8], [0, 1, 2, 3, 6, 8], [0, 1, 2, 4, 6, 7]]
}

graph r4_8_7e44 {
    0; 1; 2; 3; 4; 5; 6; 7; 8;
    0 -- 5; 0 -- 7; 1 -- 6; 1 -- 7; 1 -- 8; 2 -- 6; 2 -- 7; 2 -- 8;
    3 -- 7; 3 -- 8; 4 -- 8; 6 -- 7; 6 -- 8; 7 -- 8;
    [[5, 7], [6, 7, 8], [6, 7, 8], [7, 8], [8], [0], [1, 2, 7, 8], [0, 1, 2, 3, 6, 8], [1, 2, 3, 4, 6, 7]]
}

graph r4_8_7e45 {
    0; 1; 2; 3; 4; 5; 6; 7; 8;
    0 -- 5; 0 -- 7; 0 -- 8; 1 -- 6; 1 -- 7; 1 -- 8; 2 -- 6; 3 -- 7;
    4 -- 8; 5 -- 7; 5 -- 8; 6 -- 7; 6 -- 8; 7 -- 8;
    [[5, 7, 8], [6, 7, 8], [6], [7], [8], [0, 7, 8], [1, 2, 7, 8], [0, 1, 3, 5, 6, 8], [0, 1, 4, 5, 6, 7]]
}

graph r4_8_7e46 {
    0; 1; 2; 3; 4; 5; 6; 7; 8;
    0 -- 5; 0 -- 6; 0 -- 7; 0 -- 8; 1 -- 6; 1 -- 7; 1 -- 8; 2 -- 6;
    2 -- 7; 2 -- 8; 3 -- 7; 4 -- 8; 6 -- 7; 6 -- 8; 7 -- 8;
    [[5, 6, 7, 8], [6, 7, 8], [6, 7, 8], [7], [8], [0], [0, 1, 2, 7, 8], [0, 1, 2, 3, 6, 8], [0, 1, 2, 4, 6, 7]]
}

graph r4_8_7e47 {
    0; 1; 2; 3; 4; 5; 6; 7; 8;
    0 -- 5; 0 -- 6; 0 -- 7; 0 -- 8; 1 -- 6; 1 -- 7; 1 -- 8; 2 -- 6;
    3 -- 7; 4 -- 8; 5 -- 7; 5 -- 8; 6 -- 7; 6 -- 8; 7 -- 8;
    [[5, 6, 7, 8], [6, 7, 8], [6], [7], [8], [0, 7, 8], [0, 1, 2, 7, 8], [0, 1, 3, 5, 6, 8], [0, 1, 4, 5, 6, 7]]
}

graph r4_8_7e48 {
    0; 1; 2; 3; 4; 5; 6; 7; 8;
    0 -- 5; 0 -- 6; 0 -- 7; 0 -- 8; 1 -- 6; 1 -- 7; 1 -- 8; 2 -- 7;
    3 -- 7; 4 -- 8; 5 -- 6; 5 -- 7; 5 -- 8; 6 -- 8; 7 -- 8;
    [[5, 6, 7, 8], [6, 7, 8], [7], [7], [8], [0, 6, 7, 8], [0, 1, 5, 8], [0, 1, 2, 3, 5, 8], [0, 1, 4, 5, 6, 7]]
}

graph r4_8_7e49 {
    0; 1; 2; 3; 4; 5; 6; 7; 8;
    0 -- 5; 0 -- 6; 0 -- 7; 0 -- 8; 1 -- 6; 1 -- 7; 1 -- 8; 2 -- 7;
    3 -- 7; 4 -- 8; 5 -- 6; 5 -- 8; 6 -- 7; 6 -- 8; 7 -- 8;
    [[5, 6, 7, 8], [6, 7, 8], [7], [7], [8], [0, 6, 8], [0, 1, 5, 7, 8], [0, 1, 2, 3, 6, 8], [0, 1, 4, 5, 6, 7]]
}

graph r4_8_7e50 {
    0; 1; 2; 3; 4; 5; 6; 7; 8;
    0 -- 5; 0 -- 6; 0 -- 7; 0 -- 8; 1 -- 6; 1 -- 7; 1 -- 8; 2 -- 7;
    3 -- 8; 4 -- 8; 5 -- 6; 5 -- 7; 5 -- 8; 6 -- 7; 6 -- 8;
    [[5, 6, 7, 8], [6, 7, 8], [7], [8], [8], [0, 6, 7, 8], [0, 1, 5, 7, 8], [0, 1, 2, 5, 6], [0, 1, 3, 4, 5, 6]]
}

graph r4_8_7e51 {
    0; 1; 2; 3; 4; 5; 6; 7; 8;
    0 -- 5; 0 -- 6; 0 -- 7; 0 -- 8; 1 -- 6; 1 -- 7; 1 -- 8; 2 -- 7;
    3 -- 8; 5 -- 6; 5 -- 7; 5 -- 8; 6 -- 7; 6 -- 8; 7 -- 8;
    [[5, 6, 7, 8], [6, 7, 8], [7], [8], [], [0, 6, 7, 8], [0, 1, 5, 7, 8], [0, 1, 2, 5, 6, 8], [0, 1, 3, 5, 6, 7]]
}

graph r4_8_7e52 {
    0; 1; 2; 3; 4; 5; 6; 7; 8;
    0 -- 5; 0 -- 6; 0 -- 7; 0 -- 8; 1 -- 6; 1 -- 7; 2 -- 7; 3 -- 8;
    4 -- 8; 5 -- 6; 5 -- 7; 5 -- 8; 6 -- 7; 6 -- 8; 7 -- 8;
    [[5, 6, 7, 8], [6, 7], [7], [8], [8], [0, 6, 7, 8], [0, 1, 5, 7, 8], [0, 1, 2, 5, 6, 8], [0, 3, 4, 5, 6, 7]]
}

graph r4_8_7e53 {
    0; 1; 2; 3; 4; 5; 6; 7; 8;
    0 -- 5; 0 -- 6; 0 -- 7; 0 -- 8; 1 -- 6; 1 -- 7; 1 -- 8; 2 -- 7;
    3 -- 8; 4 -- 8; 5 -- 6; 5 -- 7; 5 -- 8; 6 -- 7; 6 -- 8; 7 -- 8;
    [[5, 6, 7, 8], [6, 7, 8], [7], [8], [8], [0, 6, 7, 8], [0, 1, 5, 7, 8], [0, 1, 2, 5, 6, 8], [0, 1, 3, 4, 5, 6, 7]]
}

graph r4_8_7e54 {
    0; 1; 2; 3; 4; 5; 6; 7; 8;
    0 -- 5; 0 -- 6; 0 -- 7; 0 -- 8; 1 -- 6; 2 -- 7; 2 -- 8; 3 -- 7;
    4 -- 8; 5 -- 6; 5 -- 7; 5 -- 8; 6 -- 7; 6 -- 8; 7 -- 8;
    [[5, 6, 7, 8], [6], [7, 8], [7], [8], [0, 6, 7, 8], [0, 1, 5, 7, 8], [0, 2, 3, 5, 6, 8], [0, 2, 4, 5, 6, 7]]
}

graph r4_8_7e55 {
    0; 1; 2; 3; 4; 5; 6; 7; 8;
    0 -- 5; 0 -- 7; 1 -- 6; 1 -- 7; 1 -- 8; 2 -- 6; 2 -- 7; 2 -- 8;
    3 -- 6; 3 -- 7; 3 -- 8; 4 -- 8; 6 -- 7; 6 -- 8; 7 -- 8;
    [[5, 7], [6, 7, 8], [6, 7, 8], [6, 7, 8], [8], [0], [1, 2, 3, 7, 8], [0, 1, 2, 3, 6, 8], [1, 2, 3, 4, 6, 7]]
}

graph r4_8_7e56 {
    0; 1; 2; 3; 4; 5; 6; 7; 8;
    0 -- 5; 0 -- 6; 0 -- 7; 0 -- 8; 1 -- 6; 1 -- 7; 1 -- 8; 2 -- 6;
    3 -- 7; 4 -- 8; 5 -- 6; 5 -- 7; 5 -- 8; 6 -- 7; 6 -- 8; 7 -- 8;
    [[5, 6, 7, 8], [6, 7, 8], [6], [7], [8], [0, 6, 7, 8], [0, 1, 2, 5, 7, 8], [0, 1, 3, 5, 6, 8], [0, 1, 4, 5, 6, 7]]
}

graph r4_8_7e57 {
    0; 1; 2; 3; 4; 5; 6; 7; 8;
    0 -- 5; 0 -- 6; 0 -- 7; 0 -- 8; 1 -- 5; 1 -- 6; 1 -- 7; 1 -- 8;
    2 -- 7; 3 -- 7; 4 -- 8; 5 -- 7; 5 -- 8; 6 -- 8; 7 -- 8;
    [[5, 6, 7, 8], [5, 6, 7, 8], [7], [7], [8], [0, 1, 7, 8], [0, 1, 8], [0, 1, 2, 3, 5, 8], [0, 1, 4, 5, 6, 7]]
}

graph r4_8_7e58 {
    0; 1; 2; 3; 4; 5; 6; 7; 8;
    0 -- 5; 0 -- 6; 0 -- 7; 0 -- 8; 1 -- 5; 1 -- 6; 1 -- 7; 1 -- 8;
    2 -- 7; 3 -- 8; 4 -- 8; 5 -- 7; 5 -- 8; 6 -- 7; 6 -- 8;
    [[5, 6, 7, 8], [5, 6, 7, 8], [7], [8], [8], [0, 1, 7, 8], [0, 1, 7, 8], [0, 1, 2, 5, 6], [0, 1, 3, 4, 5, 6]]
}

graph r4_8_7e59 {
    0; 1; 2; 3; 4; 5; 6; 7; 8;
    0 -- 5; 0 -- 6; 0 -- 7; 0 -- 8; 1 -- 5; 1 -- 6; 1 -- 7; 1 -- 8;
    2 -- 7; 3 -- 8; 5 -- 7; 5 -- 8; 6 -- 7; 6 -- 8; 7 -- 8;
    [[5, 6, 7, 8], [5, 6, 7, 8], [7], [8], [], [0, 1, 7, 8], [0, 1, 7, 8], [0, 1, 2, 5, 6, 8], [0, 1, 3, 5, 6, 7]]
}

graph r4_8_7e60 {
    0; 1; 2; 3; 4; 5; 6; 7; 8;
    0 -- 5; 0 -- 6; 0 -- 7; 0 -- 8; 1 -- 5; 1 -- 6; 1 -- 7; 1 -- 8;
    2 -- 7; 3 -- 8; 4 -- 8; 5 -- 7; 5 -- 8; 6 -- 7; 6 -- 8; 7 -- 8;
    [[5, 6, 7, 8], [5, 6, 7, 8], [7], [8], [8], [0, 1, 7, 8], [0, 1, 7, 8], [0, 1, 2, 5, 6, 8], [0, 1, 3, 4, 5, 6, 7]]
}

graph r4_8_7e61 {
    0; 1; 2; 3; 4; 5; 6; 7; 8;
    0 -- 5; 0 -- 6; 0 -- 7; 0 -- 8; 1 -- 5; 1 -- 7; 1 -- 8; 2 -- 6;
    3 -- 7; 4 -- 8; 5 -- 7; 5 -- 8; 6 -- 7; 6 -- 8; 7 -- 8;
    [[5, 6, 7, 8], [5, 7, 8], [6], [7], [8], [0, 1, 7, 8], [0, 2, 7, 8], [0, 1, 3, 5, 6, 8], [0, 1, 4, 5, 6, 7]]
}

graph r4_8_7e62 {
    0; 1; 2; 3; 4; 5; 6; 7; 8;
    0 -- 5; 0 -- 6; 0 -- 7; 0 -- 8; 1 -- 5; 1 -- 6; 1 -- 7; 1 -- 8;
    2 -- 6; 3 -- 7; 4 -- 8; 5 -- 7; 5 -- 8; 6 -- 7; 6 -- 8; 7 -- 8;
    [[5, 6, 7, 8], [5, 6, 7, 8], [6], [7], [8], [0, 1, 7, 8], [0, 1, 2, 7, 8], [0, 1, 3, 5, 6, 8], [0, 1, 4, 5, 6, 7]]
}

graph r4_8_7e63 {
    0; 1; 2; 3; 4; 5; 6; 7; 8;
    0 -- 5; 0 -- 6; 0 -- 7; 0 -- 8; 1 -- 5; 1 -- 6; 1 -- 7; 1 -- 8;
    2 -- 7; 3 -- 7; 4 -- 8; 5 -- 6; 5 -- 7; 5 -- 8; 6 -- 8; 7 -- 8;
    [[5, 6, 7, 8], [5, 6, 7, 8], [7], [7], [8], [0, 1, 6, 7, 8], [0, 1, 5, 8], [0, 1, 2, 3, 5, 8], [0, 1, 4, 5, 6, 7]]
}

graph r4_8_7e64 {
    0; 1; 2; 3; 4; 5; 6; 7; 8;
    0 -- 5; 0 -- 6; 0 -- 7; 0 -- 8; 1 -- 5; 1 -- 6; 1 -- 7; 1 -- 8;
    2 -- 7; 3 -- 8; 4 -- 8; 5 -- 6; 5 -- 7; 5 -- 8; 6 -- 7; 6 -- 8;
    [[5, 6, 7, 8], [5, 6, 7, 8], [7], [8], [8], [0, 1, 6, 7, 8], [0, 1, 5, 7, 8], [0, 1, 2, 5, 6], [0, 1, 3, 4, 5, 6]]
}

graph r4_8_7e65 {
    0; 1; 2; 3; 4; 5; 6; 7; 8;
    0 -- 5; 0 -- 6; 0 -- 7; 0 -- 8; 1 -- 5; 1 -- 6; 1 -- 7; 1 -- 8;
    2 -- 7; 3 -- 8; 5 -- 6; 5 -- 7; 5 -- 8; 6 -- 7; 6 -- 8; 7 -- 8;
    [[5, 6, 7, 8], [5, 6, 7, 8], [7], [8], [], [0, 1, 6, 7, 8], [0, 1, 5, 7, 8], [0, 1, 2, 5, 6, 8], [0, 1, 3, 5, 6, 7]]
}

graph r4_8_7e66 {
    0; 1; 2; 3; 4; 5; 6; 7; 8;
    0 -- 5; 0 -- 6; 0 -- 7; 0 -- 8; 1 -- 5; 1 -- 6; 1 -- 7; 2 -- 7;
    3 -- 8; 4 -- 8; 5 -- 6; 5 -- 7; 5 -- 8; 6 -- 7; 6 -- 8; 7 -- 8;
    [[5, 6, 7, 8], [5, 6, 7], [7], [8], [8], [0, 1, 6, 7, 8], [0, 1, 5, 7, 8], [0, 1, 2, 5, 6, 8], [0, 3, 4, 5, 6, 7]]
}

graph r4_8_7e67 {
    0; 1; 2; 3; 4; 5; 6; 7; 8;
    0 -- 5; 0 -- 6; 0 -- 7; 0 -- 8; 1 -- 5; 1 -- 6; 1 -- 7; 1 -- 8;
    2 -- 7; 3 -- 8; 4 -- 8; 5 -- 6; 5 -- 7; 5 -- 8; 6 -- 7; 6 -- 8;
    7 -- 8;
    [[5, 6, 7, 8], [5, 6, 7, 8], [7], [8], [8], [0, 1, 6, 7, 8], [0, 1, 5, 7, 8], [0, 1, 2, 5, 6, 8], [0, 1, 3, 4, 5, 6, 7]]
}

graph r4_8_7e68 {
    0; 1; 2; 3; 4; 5; 6; 7; 8;
    0 -- 5; 0 -- 6; 0 -- 7; 0 -- 8; 1 -- 5; 1 -- 7; 1 -- 8; 2 -- 6;
    3 -- 7; 4 -- 8; 5 -- 6; 5 -- 7; 5 -- 8; 6 -- 7; 6 -- 8; 7 -- 8;
    [[5, 6, 7, 8], [5, 7, 8], [6], [7], [8], [0, 1, 6, 7, 8], [0, 2, 5, 7, 8], [0, 1, 3, 5, 6, 8], [0, 1, 4, 5, 6, 7]]
}

graph r4_8_7e69 {
    0; 1; 2; 3; 4; 5; 6; 7; 8;
    0 -- 5; 0 -- 6; 0 -- 7; 0 -- 8; 1 -- 5; 1 -- 6; 1 -- 7; 1 -- 8;
    2 -- 6; 3 -- 7; 4 -- 8; 5 -- 6; 5 -- 7; 5 -- 8; 6 -- 7; 6 -- 8;
    7 -- 8;
    [[5, 6, 7, 8], [5, 6, 7, 8], [6], [7], [8], [0, 1, 6, 7, 8], [0, 1, 2, 5, 7, 8], [0, 1, 3, 5, 6, 8], [0, 1, 4, 5, 6, 7]]
}

graph r4_8_7e70 {
    0; 1; 2; 3; 4; 5; 6; 7; 8;
    0 -- 4; 0 -- 7; 0 -- 8; 1 -- 5; 1 -- 7; 1 -- 8; 2 -- 6; 2 -- 7;
    3 -- 8; 4 -- 7; 4 -- 8; 5 -- 7; 5 -- 8; 7 -- 8;
    [[4, 7, 8], [5, 7, 8], [6, 7], [8], [0, 7, 8], [1, 7, 8], [2], [0, 1, 2, 4, 5, 8], [0, 1, 3, 4, 5, 7]]
}

graph r4_8_7e71 {
    0; 1; 2; 3; 4; 5; 6; 7; 8;
    0 -- 4; 0 -- 6; 0 -- 7; 0 -- 8; 1 -- 5; 1 -- 7; 2 -- 6; 2 -- 7;
    2 -- 8; 3 -- 8; 4 -- 7; 4 -- 8; 6 -- 7; 6 -- 8; 7 -- 8;
    [[4, 6, 7, 8], [5, 7], [6, 7, 8], [8], [0, 7, 8], [1], [0, 2, 7, 8], [0, 1, 2, 4, 6, 8], [0, 2, 3, 4, 6, 7]]
}

graph r4_8_7e72 {
    0; 1; 2; 3; 4; 5; 6; 7; 8;
    0 -- 4; 0 -- 6; 0 -- 7; 0 -- 8; 1 -- 5; 1 -- 7; 1 -- 8; 2 -- 7;
    3 -- 8; 4 -- 6; 4 -- 7; 4 -- 8; 6 -- 7; 6 -- 8; 7 -- 8;
    [[4, 6, 7, 8], [5, 7, 8], [7], [8], [0, 6, 7, 8], [1], [0, 4, 7, 8], [0, 1, 2, 4, 6, 8], [0, 1, 3, 4, 6, 7]]
}

graph r4_8_7e73 {
    0; 1; 2; 3; 4; 5; 6; 7; 8;
    0 -- 4; 0 -- 6; 0 -- 7; 0 -- 8; 1 -- 5; 1 -- 7; 2 -- 7; 2 -- 8;
    3 -- 8; 4 -- 6; 4 -- 7; 4 -- 8; 6 -- 7; 6 -- 8; 7 -- 8;
    [[4, 6, 7, 8], [5, 7], [7, 8], [8], [0, 6, 7, 8], [1], [0, 4, 7, 8], [0, 1, 2, 4, 6, 8], [0, 2, 3, 4, 6, 7]]
}

graph r4_8_7e74 {
    0; 1; 2; 3; 4; 5; 6; 7; 8;
    0 -- 4; 0 -- 6; 0 -- 7; 0 -- 8; 1 -- 5; 1 -- 6; 1 -- 7; 1 -- 8;
    2 -- 7; 3 -- 8; 4 -- 6; 4 -- 7; 4 -- 8; 6 -- 7; 6 -- 8; 7 -- 8;
    [[4, 6, 7, 8], [5, 6, 7, 8], [7], [8], [0, 6, 7, 8], [1], [0, 1, 4, 7, 8], [0, 1, 2, 4, 6, 8], [0, 1, 3, 4, 6, 7]]
}

graph r4_8_7e75 {
    0; 1; 2; 3; 4; 5; 6; 7; 8;
    0 -- 4; 0 -- 6; 0 -- 7; 0 -- 8; 1 -- 5; 1 -- 7; 2 -- 6; 2 -- 7;
    2 -- 8; 3 -- 8; 4 -- 6; 4 -- 7; 4 -- 8; 6 -- 7; 6 -- 8; 7 -- 8;
    [[4, 6, 7, 8], [5, 7], [6, 7, 8], [8], [0, 6, 7, 8], [1], [0, 2, 4, 7, 8], [0, 1, 2, 4, 6, 8], [0, 2, 3, 4, 6, 7]]
}

graph r4_8_7e76 {
    0; 1; 2; 3; 4; 5; 6; 7; 8;
    0 -- 4; 0 -- 5; 0 -- 6; 0 -- 7; 0 -- 8; 1 -- 5; 1 -- 6; 1 -- 7;
    1 -- 8; 2 -- 7; 3 -- 8; 5 -- 6; 5 -- 7; 5 -- 8; 6 -- 7; 6 -- 8;
    7 -- 8;
    [[4, 5, 6, 7, 8], [5, 6, 7, 8], [7], [8], [0], [0, 1, 6, 7, 8], [0, 1, 5, 7, 8], [0, 1, 2, 5, 6, 8], [0, 1, 3, 5, 6, 7]]
}

graph r4_8_7e77 {
    0; 1; 2; 3; 4; 5; 6; 7; 8;
    0 -- 4; 0 -- 5; 0 -- 6; 0 -- 7; 0 -- 8; 1 -- 7; 2 -- 7; 3 -- 8;
    4 -- 5; 4 -- 6; 4 -- 7; 4 -- 8; 5 -- 6; 5 -- 7; 5 -- 8; 6 -- 8;
    7 -- 8;
    [[4, 5, 6, 7, 8], [7], [7], [8], [0, 5, 6, 7, 8], [0, 4, 6, 7, 8], [0, 4, 5, 8], [0, 1, 2, 4, 5, 8], [0, 3, 4, 5, 6, 7]]
}

graph r4_8_7e78 {
    0; 1; 2; 3; 4; 5; 6; 7; 8;
    0 -- 4; 0 -- 5; 0 -- 6; 0 -- 7; 0 -- 8; 1 -- 7; 2 -- 8; 3 -- 8;
    4 -- 5; 4 -- 6; 4 -- 7; 4 -- 8; 5 -- 6; 5 -- 7; 5 -- 8; 6 -- 7;
    6 -- 8;
    [[4, 5, 6, 7, 8], [7], [8], [8], [0, 5, 6, 7, 8], [0, 4, 6, 7, 8], [0, 4, 5, 7, 8], [0, 1, 4, 5, 6], [0, 2, 3, 4, 5, 6]]
}

graph r4_8_7e79 {
    0; 1; 2; 3; 4; 5; 6; 7; 8;
    0 -- 4; 0 -- 5; 0 -- 6; 0 -- 7; 0 -- 8; 1 -- 7; 2 -- 8; 4 -- 5;
    4 -- 6; 4 -- 7; 4 -- 8; 5 -- 6; 5 -- 7; 5 -- 8; 6 -- 7; 6 -- 8;
    7 -- 8;
    [[4, 5, 6, 7, 8], [7], [8], [], [0, 5, 6, 7, 8], [0, 4, 6, 7, 8], [0, 4, 5, 7, 8], [0, 1, 4, 5, 6, 8], [0, 2, 4, 5, 6, 7]]
}

graph r4_8_7e80 {
    0; 1; 2; 3; 4; 5; 6; 7; 8;
    0 -- 4; 0 -- 5; 0 -- 6; 0 -- 7; 0 -- 8; 1 -- 7; 2 -- 8; 3 -- 8;
    4 -- 5; 4 -- 6; 4 -- 7; 4 -- 8; 5 -- 6; 5 -- 7; 5 -- 8; 6 -- 7;
    6 -- 8; 7 -- 8;
    [[4, 5, 6, 7, 8], [7], [8], [8], [0, 5, 6, 7, 8], [0, 4, 6, 7, 8], [0, 4, 5, 7, 8], [0, 1, 4, 5, 6, 8], [0, 2, 3, 4, 5, 6, 7]]
}

graph r4_8_7e81 {
    0; 1; 2; 3; 4; 5; 6; 7; 8;
    0 -- 4; 0 -- 5; 0 -- 6; 0 -- 7; 0 -- 8; 1 -- 6; 2 -- 7; 3 -- 8;
    4 -- 5; 4 -- 6; 4 -- 7; 4 -- 8; 5 -- 6; 5 -- 7; 5 -- 8; 6 -- 7;
    6 -- 8; 7 -- 8;
    [[4, 5, 6, 7, 8], [6], [7], [8], [0, 5, 6, 7, 8], [0, 4, 6, 7, 8], [0, 1, 4, 5, 7, 8], [0, 2, 4, 5, 6, 8], [0, 3, 4, 5, 6, 7]]
}

graph r4_8_7e82 {
    0; 1; 2; 3; 4; 5; 6; 7; 8;
    0 -- 4; 0 -- 7; 1 -- 5; 1 -- 6; 1 -- 7; 1 -- 8; 2 -- 5; 2 -- 6;
    2 -- 7; 2 -- 8; 3 -- 8; 5 -- 7; 5 -- 8; 6 -- 7; 6 -- 8; 7 -- 8;
    [[4, 7], [5, 6, 7, 8], [5, 6, 7, 8], [8], [0], [1, 2, 7, 8], [1, 2, 7, 8], [0, 1, 2, 5, 6, 8], [1, 2, 3, 5, 6, 7]]
}

graph r4_8_7e83 {
    0; 1; 2; 3; 4; 5; 6; 7; 8;
    0 -- 4; 0 -- 7; 1 -- 5; 1 -- 6; 1 -- 7; 1 -- 8; 2 -- 5; 2 -- 6;
    2 -- 7; 2 -- 8; 3 -- 8; 5 -- 6; 5 -- 7; 5 -- 8; 6 -- 7; 6 -- 8;
    7 -- 8;
    [[4, 7], [5, 6, 7, 8], [5, 6, 7, 8], [8], [0], [1, 2, 6, 7, 8], [1, 2, 5, 7, 8], [0, 1, 2, 5, 6, 8], [1, 2, 3, 5, 6, 7]]
}

graph r4_8_7e84 {
    0; 1; 2; 3; 4; 5; 6; 7; 8;
    0 -- 3; 0 -- 5; 0 -- 6; 0 -- 7; 0 -- 8; 1 -- 4; 1 -- 7; 2 -- 8;
    3 -- 5; 3 -- 6; 3 -- 7; 3 -- 8; 5 -- 6; 5 -- 7; 5 -- 8; 6 -- 7;
    6 -- 8; 7 -- 8;
    [[3, 5, 6, 7, 8], [4, 7], [8], [0, 5, 6, 7, 8], [1], [0, 3, 6, 7, 8], [0, 3, 5, 7, 8], [0, 1, 3, 5, 6, 8], [0, 2, 3, 5, 6, 7]]
}

R^PG_4(8,7) = 10
84 extremal graph(s)
running time:20.03343963623047sec
