Finding R^PG_4(12,6)

Order & number of counterexample graphs:
0 1
1 1
2 2
3 4
4 11
5 33
6 33
7 33
8 33
9 33
10 33
11 33
12 0

33 extremal graph(s):

graph r4_12_6e1 {
    0; 1; 2; 3; 4; 5; 6; 7; 8; 9; 10;
    [[], [], [], [], [], [], [], [], [], [], []]
}

graph r4_12_6e2 {
    0; 1; 2; 3; 4; 5; 6; 7; 8; 9; 10;
    0 -- 10;
    [[10], [], [], [], [], [], [], [], [], [], [0]]
}

graph r4_12_6e3 {
    0; 1; 2; 3; 4; 5; 6; 7; 8; 9; 10;
    0 -- 10; 1 -- 10;
    [[10], [10], [], [], [], [], [], [], [], [], [0, 1]]
}

graph r4_12_6e4 {
    0; 1; 2; 3; 4; 5; 6; 7; 8; 9; 10;
    0 -- 10; 1 -- 10; 2 -- 10;
    [[10], [10], [10], [], [], [], [], [], [], [], [0, 1, 2]]
}

graph r4_12_6e5 {
    0; 1; 2; 3; 4; 5; 6; 7; 8; 9; 10;
    0 -- 10; 1 -- 10; 2 -- 10; 3 -- 10;
    [[10], [10], [10], [10], [], [], [], [], [], [], [0, 1, 2, 3]]
}

graph r4_12_6e6 {
    0; 1; 2; 3; 4; 5; 6; 7; 8; 9; 10;
    0 -- 9; 1 -- 10;
    [[9], [10], [], [], [], [], [], [], [], [0], [1]]
}

graph r4_12_6e7 {
    0; 1; 2; 3; 4; 5; 6; 7; 8; 9; 10;
    0 -- 9; 0 -- 10; 1 -- 10;
    [[9, 10], [10], [], [], [], [], [], [], [], [0], [0, 1]]
}

graph r4_12_6e8 {
    0; 1; 2; 3; 4; 5; 6; 7; 8; 9; 10;
    0 -- 9; 0 -- 10; 9 -- 10;
    [[9, 10], [], [], [], [], [], [], [], [], [0, 10], [0, 9]]
}

graph r4_12_6e9 {
    0; 1; 2; 3; 4; 5; 6; 7; 8; 9; 10;
    0 -- 9; 1 -- 10; 2 -- 10;
    [[9], [10], [10], [], [], [], [], [], [], [0], [1, 2]]
}

graph r4_12_6e10 {
    0; 1; 2; 3; 4; 5; 6; 7; 8; 9; 10;
    0 -- 9; 0 -- 10; 1 -- 10; 2 -- 10;
    [[9, 10], [10], [10], [], [], [], [], [], [], [0], [0, 1, 2]]
}

graph r4_12_6e11 {
    0; 1; 2; 3; 4; 5; 6; 7; 8; 9; 10;
    0 -- 9; 0 -- 10; 1 -- 10; 9 -- 10;
    [[9, 10], [10], [], [], [], [], [], [], [], [0, 10], [0, 1, 9]]
}

graph r4_12_6e12 {
    0; 1; 2; 3; 4; 5; 6; 7; 8; 9; 10;
    0 -- 9; 0 -- 10; 1 -- 10; 2 -- 10; 9 -- 10;
    [[9, 10], [10], [10], [], [], [], [], [], [], [0, 10], [0, 1, 2, 9]]
}

graph r4_12_6e13 {
    0; 1; 2; 3; 4; 5; 6; 7; 8; 9; 10;
    0 -- 9; 0 -- 10; 1 -- 9; 1 -- 10;
    [[9, 10], [9, 10], [], [], [], [], [], [], [], [0, 1], [0, 1]]
}

graph r4_12_6e14 {
    0; 1; 2; 3; 4; 5; 6; 7; 8; 9; 10;
    0 -- 9; 0 -- 10; 1 -- 9; 2 -- 10;
    [[9, 10], [9], [10], [], [], [], [], [], [], [0, 1], [0, 2]]
}

graph r4_12_6e15 {
    0; 1; 2; 3; 4; 5; 6; 7; 8; 9; 10;
    0 -- 9; 0 -- 10; 1 -- 9; 1 -- 10; 2 -- 10;
    [[9, 10], [9, 10], [10], [], [], [], [], [], [], [0, 1], [0, 1, 2]]
}

graph r4_12_6e16 {
    0; 1; 2; 3; 4; 5; 6; 7; 8; 9; 10;
    0 -- 9; 0 -- 10; 1 -- 9; 1 -- 10; 9 -- 10;
    [[9, 10], [9, 10], [], [], [], [], [], [], [], [0, 1, 10], [0, 1, 9]]
}

graph r4_12_6e17 {
    0; 1; 2; 3; 4; 5; 6; 7; 8; 9; 10;
    0 -- 9; 0 -- 10; 1 -- 9; 2 -- 10; 9 -- 10;
    [[9, 10], [9], [10], [], [], [], [], [], [], [0, 1, 10], [0, 2, 9]]
}

graph r4_12_6e18 {
    0; 1; 2; 3; 4; 5; 6; 7; 8; 9; 10;
    0 -- 9; 0 -- 10; 1 -- 9; 1 -- 10; 2 -- 10; 9 -- 10;
    [[9, 10], [9, 10], [10], [], [], [], [], [], [], [0, 1, 10], [0, 1, 2, 9]]
}

graph r4_12_6e19 {
    0; 1; 2; 3; 4; 5; 6; 7; 8; 9; 10;
    0 -- 9; 0 -- 10; 1 -- 9; 1 -- 10; 2 -- 9; 2 -- 10;
    [[9, 10], [9, 10], [9, 10], [], [], [], [], [], [], [0, 1, 2], [0, 1, 2]]
}

graph r4_12_6e20 {
    0; 1; 2; 3; 4; 5; 6; 7; 8; 9; 10;
    0 -- 9; 0 -- 10; 1 -- 9; 1 -- 10; 2 -- 9; 2 -- 10; 9 -- 10;
    [[9, 10], [9, 10], [9, 10], [], [], [], [], [], [], [0, 1, 2, 10], [0, 1, 2, 9]]
}

graph r4_12_6e21 {
    0; 1; 2; 3; 4; 5; 6; 7; 8; 9; 10;
    0 -- 8; 0 -- 10; 1 -- 9; 8 -- 10;
    [[8, 10], [9], [], [], [], [], [], [], [0, 10], [1], [0, 8]]
}

graph r4_12_6e22 {
    0; 1; 2; 3; 4; 5; 6; 7; 8; 9; 10;
    0 -- 8; 0 -- 10; 1 -- 9; 1 -- 10; 8 -- 10;
    [[8, 10], [9, 10], [], [], [], [], [], [], [0, 10], [1], [0, 1, 8]]
}

graph r4_12_6e23 {
    0; 1; 2; 3; 4; 5; 6; 7; 8; 9; 10;
    0 -- 8; 0 -- 10; 1 -- 9; 1 -- 10; 8 -- 10; 9 -- 10;
    [[8, 10], [9, 10], [], [], [], [], [], [], [0, 10], [1, 10], [0, 1, 8, 9]]
}

graph r4_12_6e24 {
    0; 1; 2; 3; 4; 5; 6; 7; 8; 9; 10;
    0 -- 8; 0 -- 9; 0 -- 10; 1 -- 9; 1 -- 10; 8 -- 10;
    [[8, 9, 10], [9, 10], [], [], [], [], [], [], [0, 10], [0, 1], [0, 1, 8]]
}

graph r4_12_6e25 {
    0; 1; 2; 3; 4; 5; 6; 7; 8; 9; 10;
    0 -- 8; 0 -- 9; 0 -- 10; 1 -- 9; 1 -- 10; 9 -- 10;
    [[8, 9, 10], [9, 10], [], [], [], [], [], [], [0], [0, 1, 10], [0, 1, 9]]
}

graph r4_12_6e26 {
    0; 1; 2; 3; 4; 5; 6; 7; 8; 9; 10;
    0 -- 8; 0 -- 9; 0 -- 10; 1 -- 9; 1 -- 10; 8 -- 10; 9 -- 10;
    [[8, 9, 10], [9, 10], [], [], [], [], [], [], [0, 10], [0, 1, 10], [0, 1, 8, 9]]
}

graph r4_12_6e27 {
    0; 1; 2; 3; 4; 5; 6; 7; 8; 9; 10;
    0 -- 8; 0 -- 9; 0 -- 10; 8 -- 9; 8 -- 10; 9 -- 10;
    [[8, 9, 10], [], [], [], [], [], [], [], [0, 9, 10], [0, 8, 10], [0, 8, 9]]
}

graph r4_12_6e28 {
    0; 1; 2; 3; 4; 5; 6; 7; 8; 9; 10;
    0 -- 8; 0 -- 9; 0 -- 10; 1 -- 10; 8 -- 9; 8 -- 10; 9 -- 10;
    [[8, 9, 10], [10], [], [], [], [], [], [], [0, 9, 10], [0, 8, 10], [0, 1, 8, 9]]
}

graph r4_12_6e29 {
    0; 1; 2; 3; 4; 5; 6; 7; 8; 9; 10;
    0 -- 8; 0 -- 9; 0 -- 10; 1 -- 9; 1 -- 10; 8 -- 9; 8 -- 10;
    [[8, 9, 10], [9, 10], [], [], [], [], [], [], [0, 9, 10], [0, 1, 8], [0, 1, 8]]
}

graph r4_12_6e30 {
    0; 1; 2; 3; 4; 5; 6; 7; 8; 9; 10;
    0 -- 8; 0 -- 9; 0 -- 10; 1 -- 9; 1 -- 10; 8 -- 9; 8 -- 10; 9 -- 10;
    [[8, 9, 10], [9, 10], [], [], [], [], [], [], [0, 9, 10], [0, 1, 8, 10], [0, 1, 8, 9]]
}

graph r4_12_6e31 {
    0; 1; 2; 3; 4; 5; 6; 7; 8; 9; 10;
    0 -- 8; 0 -- 9; 0 -- 10; 1 -- 8; 1 -- 9; 1 -- 10; 8 -- 10; 9 -- 10;
    [[8, 9, 10], [8, 9, 10], [], [], [], [], [], [], [0, 1, 10], [0, 1, 10], [0, 1, 8, 9]]
}

graph r4_12_6e32 {
    0; 1; 2; 3; 4; 5; 6; 7; 8; 9; 10;
    0 -- 8; 0 -- 9; 0 -- 10; 1 -- 8; 1 -- 9; 1 -- 10; 8 -- 9; 8 -- 10;
    9 -- 10;
    [[8, 9, 10], [8, 9, 10], [], [], [], [], [], [], [0, 1, 9, 10], [0, 1, 8, 10], [0, 1, 8, 9]]
}

graph r4_12_6e33 {
    0; 1; 2; 3; 4; 5; 6; 7; 8; 9; 10;
    0 -- 7; 0 -- 8; 0 -- 9; 0 -- 10; 7 -- 8; 7 -- 9; 7 -- 10; 8 -- 9;
    8 -- 10; 9 -- 10;
    [[7, 8, 9, 10], [], [], [], [], [], [], [0, 8, 9, 10], [0, 7, 9, 10], [0, 7, 8, 10], [0, 7, 8, 9]]
}

R^PG_4(12,6) = 12
33 extremal graph(s)
running time:26.76085329055786sec
