Finding R^PG_4(6,8)

Order & number of counterexample graphs:
0 1
1 1
2 2
3 4
4 11
5 33
6 33
7 33
8 0

33 extremal graph(s):

graph r4_6_8e1 {
    0; 1; 2; 3; 4; 5; 6;
    0 -- 5; 0 -- 6; 1 -- 5; 1 -- 6; 2 -- 5; 2 -- 6; 3 -- 5; 3 -- 6;
    4 -- 5; 4 -- 6; 5 -- 6;
    [[5, 6], [5, 6], [5, 6], [5, 6], [5, 6], [0, 1, 2, 3, 4, 6], [0, 1, 2, 3, 4, 5]]
}

graph r4_6_8e2 {
    0; 1; 2; 3; 4; 5; 6;
    0 -- 4; 0 -- 5; 0 -- 6; 1 -- 5; 1 -- 6; 2 -- 5; 2 -- 6; 3 -- 5;
    3 -- 6; 4 -- 5; 4 -- 6; 5 -- 6;
    [[4, 5, 6], [5, 6], [5, 6], [5, 6], [0, 5, 6], [0, 1, 2, 3, 4, 6], [0, 1, 2, 3, 4, 5]]
}

graph r4_6_8e3 {
    0; 1; 2; 3; 4; 5; 6;
    0 -- 4; 0 -- 5; 0 -- 6; 1 -- 4; 1 -- 5; 1 -- 6; 2 -- 5; 2 -- 6;
    3 -- 5; 3 -- 6; 4 -- 5; 4 -- 6; 5 -- 6;
    [[4, 5, 6], [4, 5, 6], [5, 6], [5, 6], [0, 1, 5, 6], [0, 1, 2, 3, 4, 6], [0, 1, 2, 3, 4, 5]]
}

graph r4_6_8e4 {
    0; 1; 2; 3; 4; 5; 6;
    0 -- 4; 0 -- 5; 0 -- 6; 1 -- 4; 1 -- 5; 1 -- 6; 2 -- 4; 2 -- 5;
    2 -- 6; 3 -- 5; 3 -- 6; 4 -- 5; 4 -- 6; 5 -- 6;
    [[4, 5, 6], [4, 5, 6], [4, 5, 6], [5, 6], [0, 1, 2, 5, 6], [0, 1, 2, 3, 4, 6], [0, 1, 2, 3, 4, 5]]
}

graph r4_6_8e5 {
    0; 1; 2; 3; 4; 5; 6;
    0 -- 4; 0 -- 5; 0 -- 6; 1 -- 4; 1 -- 5; 1 -- 6; 2 -- 4; 2 -- 5;
    2 -- 6; 3 -- 4; 3 -- 5; 3 -- 6; 4 -- 5; 4 -- 6; 5 -- 6;
    [[4, 5, 6], [4, 5, 6], [4, 5, 6], [4, 5, 6], [0, 1, 2, 3, 5, 6], [0, 1, 2, 3, 4, 6], [0, 1, 2, 3, 4, 5]]
}

graph r4_6_8e6 {
    0; 1; 2; 3; 4; 5; 6;
    0 -- 3; 0 -- 5; 0 -- 6; 1 -- 4; 1 -- 5; 1 -- 6; 2 -- 5; 2 -- 6;
    3 -- 5; 3 -- 6; 4 -- 5; 4 -- 6; 5 -- 6;
    [[3, 5, 6], [4, 5, 6], [5, 6], [0, 5, 6], [1, 5, 6], [0, 1, 2, 3, 4, 6], [0, 1, 2, 3, 4, 5]]
}

graph r4_6_8e7 {
    0; 1; 2; 3; 4; 5; 6;
    0 -- 3; 0 -- 4; 0 -- 5; 0 -- 6; 1 -- 4; 1 -- 5; 1 -- 6; 2 -- 5;
    2 -- 6; 3 -- 5; 3 -- 6; 4 -- 5; 4 -- 6; 5 -- 6;
    [[3, 4, 5, 6], [4, 5, 6], [5, 6], [0, 5, 6], [0, 1, 5, 6], [0, 1, 2, 3, 4, 6], [0, 1, 2, 3, 4, 5]]
}

graph r4_6_8e8 {
    0; 1; 2; 3; 4; 5; 6;
    0 -- 3; 0 -- 4; 0 -- 5; 0 -- 6; 1 -- 5; 1 -- 6; 2 -- 5; 2 -- 6;
    3 -- 4; 3 -- 5; 3 -- 6; 4 -- 5; 4 -- 6; 5 -- 6;
    [[3, 4, 5, 6], [5, 6], [5, 6], [0, 4, 5, 6], [0, 3, 5, 6], [0, 1, 2, 3, 4, 6], [0, 1, 2, 3, 4, 5]]
}

graph r4_6_8e9 {
    0; 1; 2; 3; 4; 5; 6;
    0 -- 3; 0 -- 5; 0 -- 6; 1 -- 4; 1 -- 5; 1 -- 6; 2 -- 4; 2 -- 5;
    2 -- 6; 3 -- 5; 3 -- 6; 4 -- 5; 4 -- 6; 5 -- 6;
    [[3, 5, 6], [4, 5, 6], [4, 5, 6], [0, 5, 6], [1, 2, 5, 6], [0, 1, 2, 3, 4, 6], [0, 1, 2, 3, 4, 5]]
}

graph r4_6_8e10 {
    0; 1; 2; 3; 4; 5; 6;
    0 -- 3; 0 -- 4; 0 -- 5; 0 -- 6; 1 -- 4; 1 -- 5; 1 -- 6; 2 -- 4;
    2 -- 5; 2 -- 6; 3 -- 5; 3 -- 6; 4 -- 5; 4 -- 6; 5 -- 6;
    [[3, 4, 5, 6], [4, 5, 6], [4, 5, 6], [0, 5, 6], [0, 1, 2, 5, 6], [0, 1, 2, 3, 4, 6], [0, 1, 2, 3, 4, 5]]
}

graph r4_6_8e11 {
    0; 1; 2; 3; 4; 5; 6;
    0 -- 3; 0 -- 4; 0 -- 5; 0 -- 6; 1 -- 4; 1 -- 5; 1 -- 6; 2 -- 5;
    2 -- 6; 3 -- 4; 3 -- 5; 3 -- 6; 4 -- 5; 4 -- 6; 5 -- 6;
    [[3, 4, 5, 6], [4, 5, 6], [5, 6], [0, 4, 5, 6], [0, 1, 3, 5, 6], [0, 1, 2, 3, 4, 6], [0, 1, 2, 3, 4, 5]]
}

graph r4_6_8e12 {
    0; 1; 2; 3; 4; 5; 6;
    0 -- 3; 0 -- 4; 0 -- 5; 0 -- 6; 1 -- 4; 1 -- 5; 1 -- 6; 2 -- 4;
    2 -- 5; 2 -- 6; 3 -- 4; 3 -- 5; 3 -- 6; 4 -- 5; 4 -- 6; 5 -- 6;
    [[3, 4, 5, 6], [4, 5, 6], [4, 5, 6], [0, 4, 5, 6], [0, 1, 2, 3, 5, 6], [0, 1, 2, 3, 4, 6], [0, 1, 2, 3, 4, 5]]
}

graph r4_6_8e13 {
    0; 1; 2; 3; 4; 5; 6;
    0 -- 3; 0 -- 4; 0 -- 5; 0 -- 6; 1 -- 3; 1 -- 4; 1 -- 5; 1 -- 6;
    2 -- 5; 2 -- 6; 3 -- 5; 3 -- 6; 4 -- 5; 4 -- 6; 5 -- 6;
    [[3, 4, 5, 6], [3, 4, 5, 6], [5, 6], [0, 1, 5, 6], [0, 1, 5, 6], [0, 1, 2, 3, 4, 6], [0, 1, 2, 3, 4, 5]]
}

graph r4_6_8e14 {
    0; 1; 2; 3; 4; 5; 6;
    0 -- 3; 0 -- 4; 0 -- 5; 0 -- 6; 1 -- 3; 1 -- 5; 1 -- 6; 2 -- 4;
    2 -- 5; 2 -- 6; 3 -- 5; 3 -- 6; 4 -- 5; 4 -- 6; 5 -- 6;
    [[3, 4, 5, 6], [3, 5, 6], [4, 5, 6], [0, 1, 5, 6], [0, 2, 5, 6], [0, 1, 2, 3, 4, 6], [0, 1, 2, 3, 4, 5]]
}

graph r4_6_8e15 {
    0; 1; 2; 3; 4; 5; 6;
    0 -- 3; 0 -- 4; 0 -- 5; 0 -- 6; 1 -- 3; 1 -- 4; 1 -- 5; 1 -- 6;
    2 -- 4; 2 -- 5; 2 -- 6; 3 -- 5; 3 -- 6; 4 -- 5; 4 -- 6; 5 -- 6;
    [[3, 4, 5, 6], [3, 4, 5, 6], [4, 5, 6], [0, 1, 5, 6], [0, 1, 2, 5, 6], [0, 1, 2, 3, 4, 6], [0, 1, 2, 3, 4, 5]]
}

graph r4_6_8e16 {
    0; 1; 2; 3; 4; 5; 6;
    0 -- 3; 0 -- 4; 0 -- 5; 0 -- 6; 1 -- 3; 1 -- 4; 1 -- 5; 1 -- 6;
    2 -- 5; 2 -- 6; 3 -- 4; 3 -- 5; 3 -- 6; 4 -- 5; 4 -- 6; 5 -- 6;
    [[3, 4, 5, 6], [3, 4, 5, 6], [5, 6], [0, 1, 4, 5, 6], [0, 1, 3, 5, 6], [0, 1, 2, 3, 4, 6], [0, 1, 2, 3, 4, 5]]
}

graph r4_6_8e17 {
    0; 1; 2; 3; 4; 5; 6;
    0 -- 3; 0 -- 4; 0 -- 5; 0 -- 6; 1 -- 3; 1 -- 5; 1 -- 6; 2 -- 4;
    2 -- 5; 2 -- 6; 3 -- 4; 3 -- 5; 3 -- 6; 4 -- 5; 4 -- 6; 5 -- 6;
    [[3, 4, 5, 6], [3, 5, 6], [4, 5, 6], [0, 1, 4, 5, 6], [0, 2, 3, 5, 6], [0, 1, 2, 3, 4, 6], [0, 1, 2, 3, 4, 5]]
}

graph r4_6_8e18 {
    0; 1; 2; 3; 4; 5; 6;
    0 -- 3; 0 -- 4; 0 -- 5; 0 -- 6; 1 -- 3; 1 -- 4; 1 -- 5; 1 -- 6;
    2 -- 4; 2 -- 5; 2 -- 6; 3 -- 4; 3 -- 5; 3 -- 6; 4 -- 5; 4 -- 6;
    5 -- 6;
    [[3, 4, 5, 6], [3, 4, 5, 6], [4, 5, 6], [0, 1, 4, 5, 6], [0, 1, 2, 3, 5, 6], [0, 1, 2, 3, 4, 6], [0, 1, 2, 3, 4, 5]]
}

graph r4_6_8e19 {
    0; 1; 2; 3; 4; 5; 6;
    0 -- 3; 0 -- 4; 0 -- 5; 0 -- 6; 1 -- 3; 1 -- 4; 1 -- 5; 1 -- 6;
    2 -- 3; 2 -- 4; 2 -- 5; 2 -- 6; 3 -- 5; 3 -- 6; 4 -- 5; 4 -- 6;
    5 -- 6;
    [[3, 4, 5, 6], [3, 4, 5, 6], [3, 4, 5, 6], [0, 1, 2, 5, 6], [0, 1, 2, 5, 6], [0, 1, 2, 3, 4, 6], [0, 1, 2, 3, 4, 5]]
}

graph r4_6_8e20 {
    0; 1; 2; 3; 4; 5; 6;
    0 -- 3; 0 -- 4; 0 -- 5; 0 -- 6; 1 -- 3; 1 -- 4; 1 -- 5; 1 -- 6;
    2 -- 3; 2 -- 4; 2 -- 5; 2 -- 6; 3 -- 4; 3 -- 5; 3 -- 6; 4 -- 5;
    4 -- 6; 5 -- 6;
    [[3, 4, 5, 6], [3, 4, 5, 6], [3, 4, 5, 6], [0, 1, 2, 4, 5, 6], [0, 1, 2, 3, 5, 6], [0, 1, 2, 3, 4, 6], [0, 1, 2, 3, 4, 5]]
}

graph r4_6_8e21 {
    0; 1; 2; 3; 4; 5; 6;
    0 -- 2; 0 -- 4; 0 -- 5; 0 -- 6; 1 -- 3; 1 -- 5; 1 -- 6; 2 -- 4;
    2 -- 5; 2 -- 6; 3 -- 5; 3 -- 6; 4 -- 5; 4 -- 6; 5 -- 6;
    [[2, 4, 5, 6], [3, 5, 6], [0, 4, 5, 6], [1, 5, 6], [0, 2, 5, 6], [0, 1, 2, 3, 4, 6], [0, 1, 2, 3, 4, 5]]
}

graph r4_6_8e22 {
    0; 1; 2; 3; 4; 5; 6;
    0 -- 2; 0 -- 4; 0 -- 5; 0 -- 6; 1 -- 3; 1 -- 4; 1 -- 5; 1 -- 6;
    2 -- 4; 2 -- 5; 2 -- 6; 3 -- 5; 3 -- 6; 4 -- 5; 4 -- 6; 5 -- 6;
    [[2, 4, 5, 6], [3, 4, 5, 6], [0, 4, 5, 6], [1, 5, 6], [0, 1, 2, 5, 6], [0, 1, 2, 3, 4, 6], [0, 1, 2, 3, 4, 5]]
}

graph r4_6_8e23 {
    0; 1; 2; 3; 4; 5; 6;
    0 -- 2; 0 -- 4; 0 -- 5; 0 -- 6; 1 -- 3; 1 -- 4; 1 -- 5; 1 -- 6;
    2 -- 4; 2 -- 5; 2 -- 6; 3 -- 4; 3 -- 5; 3 -- 6; 4 -- 5; 4 -- 6;
    5 -- 6;
    [[2, 4, 5, 6], [3, 4, 5, 6], [0, 4, 5, 6], [1, 4, 5, 6], [0, 1, 2, 3, 5, 6], [0, 1, 2, 3, 4, 6], [0, 1, 2, 3, 4, 5]]
}

graph r4_6_8e24 {
    0; 1; 2; 3; 4; 5; 6;
    0 -- 2; 0 -- 3; 0 -- 4; 0 -- 5; 0 -- 6; 1 -- 3; 1 -- 4; 1 -- 5;
    1 -- 6; 2 -- 4; 2 -- 5; 2 -- 6; 3 -- 5; 3 -- 6; 4 -- 5; 4 -- 6;
    5 -- 6;
    [[2, 3, 4, 5, 6], [3, 4, 5, 6], [0, 4, 5, 6], [0, 1, 5, 6], [0, 1, 2, 5, 6], [0, 1, 2, 3, 4, 6], [0, 1, 2, 3, 4, 5]]
}

graph r4_6_8e25 {
    0; 1; 2; 3; 4; 5; 6;
    0 -- 2; 0 -- 3; 0 -- 4; 0 -- 5; 0 -- 6; 1 -- 3; 1 -- 4; 1 -- 5;
    1 -- 6; 2 -- 5; 2 -- 6; 3 -- 4; 3 -- 5; 3 -- 6; 4 -- 5; 4 -- 6;
    5 -- 6;
    [[2, 3, 4, 5, 6], [3, 4, 5, 6], [0, 5, 6], [0, 1, 4, 5, 6], [0, 1, 3, 5, 6], [0, 1, 2, 3, 4, 6], [0, 1, 2, 3, 4, 5]]
}

graph r4_6_8e26 {
    0; 1; 2; 3; 4; 5; 6;
    0 -- 2; 0 -- 3; 0 -- 4; 0 -- 5; 0 -- 6; 1 -- 3; 1 -- 4; 1 -- 5;
    1 -- 6; 2 -- 4; 2 -- 5; 2 -- 6; 3 -- 4; 3 -- 5; 3 -- 6; 4 -- 5;
    4 -- 6; 5 -- 6;
    [[2, 3, 4, 5, 6], [3, 4, 5, 6], [0, 4, 5, 6], [0, 1, 4, 5, 6], [0, 1, 2, 3, 5, 6], [0, 1, 2, 3, 4, 6], [0, 1, 2, 3, 4, 5]]
}

graph r4_6_8e27 {
    0; 1; 2; 3; 4; 5; 6;
    0 -- 2; 0 -- 3; 0 -- 4; 0 -- 5; 0 -- 6; 1 -- 5; 1 -- 6; 2 -- 3;
    2 -- 4; 2 -- 5; 2 -- 6; 3 -- 4; 3 -- 5; 3 -- 6; 4 -- 5; 4 -- 6;
    5 -- 6;
    [[2, 3, 4, 5, 6], [5, 6], [0, 3, 4, 5, 6], [0, 2, 4, 5, 6], [0, 2, 3, 5, 6], [0, 1, 2, 3, 4, 6], [0, 1, 2, 3, 4, 5]]
}

graph r4_6_8e28 {
    0; 1; 2; 3; 4; 5; 6;
    0 -- 2; 0 -- 3; 0 -- 4; 0 -- 5; 0 -- 6; 1 -- 4; 1 -- 5; 1 -- 6;
    2 -- 3; 2 -- 4; 2 -- 5; 2 -- 6; 3 -- 4; 3 -- 5; 3 -- 6; 4 -- 5;
    4 -- 6; 5 -- 6;
    [[2, 3, 4, 5, 6], [4, 5, 6], [0, 3, 4, 5, 6], [0, 2, 4, 5, 6], [0, 1, 2, 3, 5, 6], [0, 1, 2, 3, 4, 6], [0, 1, 2, 3, 4, 5]]
}

graph r4_6_8e29 {
    0; 1; 2; 3; 4; 5; 6;
    0 -- 2; 0 -- 3; 0 -- 4; 0 -- 5; 0 -- 6; 1 -- 3; 1 -- 4; 1 -- 5;
    1 -- 6; 2 -- 3; 2 -- 4; 2 -- 5; 2 -- 6; 3 -- 5; 3 -- 6; 4 -- 5;
    4 -- 6; 5 -- 6;
    [[2, 3, 4, 5, 6], [3, 4, 5, 6], [0, 3, 4, 5, 6], [0, 1, 2, 5, 6], [0, 1, 2, 5, 6], [0, 1, 2, 3, 4, 6], [0, 1, 2, 3, 4, 5]]
}

graph r4_6_8e30 {
    0; 1; 2; 3; 4; 5; 6;
    0 -- 2; 0 -- 3; 0 -- 4; 0 -- 5; 0 -- 6; 1 -- 3; 1 -- 4; 1 -- 5;
    1 -- 6; 2 -- 3; 2 -- 4; 2 -- 5; 2 -- 6; 3 -- 4; 3 -- 5; 3 -- 6;
    4 -- 5; 4 -- 6; 5 -- 6;
    [[2, 3, 4, 5, 6], [3, 4, 5, 6], [0, 3, 4, 5, 6], [0, 1, 2, 4, 5, 6], [0, 1, 2, 3, 5, 6], [0, 1, 2, 3, 4, 6], [0, 1, 2, 3, 4, 5]]
}

graph r4_6_8e31 {
    0; 1; 2; 3; 4; 5; 6;
    0 -- 2; 0 -- 3; 0 -- 4; 0 -- 5; 0 -- 6; 1 -- 2; 1 -- 3; 1 -- 4;
    1 -- 5; 1 -- 6; 2 -- 4; 2 -- 5; 2 -- 6; 3 -- 4; 3 -- 5; 3 -- 6;
    4 -- 5; 4 -- 6; 5 -- 6;
    [[2, 3, 4, 5, 6], [2, 3, 4, 5, 6], [0, 1, 4, 5, 6], [0, 1, 4, 5, 6], [0, 1, 2, 3, 5, 6], [0, 1, 2, 3, 4, 6], [0, 1, 2, 3, 4, 5]]
}

graph r4_6_8e32 {
    0; 1; 2; 3; 4; 5; 6;
    0 -- 2; 0 -- 3; 0 -- 4; 0 -- 5; 0 -- 6; 1 -- 2; 1 -- 3; 1 -- 4;
    1 -- 5; 1 -- 6; 2 -- 3; 2 -- 4; 2 -- 5; 2 -- 6; 3 -- 4; 3 -- 5;
    3 -- 6; 4 -- 5; 4 -- 6; 5 -- 6;
    [[2, 3, 4, 5, 6], [2, 3, 4, 5, 6], [0, 1, 3, 4, 5, 6], [0, 1, 2, 4, 5, 6], [0, 1, 2, 3, 5, 6], [0, 1, 2, 3, 4, 6], [0, 1, 2, 3, 4, 5]]
}

graph r4_6_8e33 {
    0; 1; 2; 3; 4; 5; 6;
    0 -- 1; 0 -- 2; 0 -- 3; 0 -- 4; 0 -- 5; 0 -- 6; 1 -- 2; 1 -- 3;
    1 -- 4; 1 -- 5; 1 -- 6; 2 -- 3; 2 -- 4; 2 -- 5; 2 -- 6; 3 -- 4;
    3 -- 5; 3 -- 6; 4 -- 5; 4 -- 6; 5 -- 6;
    [[1, 2, 3, 4, 5, 6], [0, 2, 3, 4, 5, 6], [0, 1, 3, 4, 5, 6], [0, 1, 2, 4, 5, 6], [0, 1, 2, 3, 5, 6], [0, 1, 2, 3, 4, 6], [0, 1, 2, 3, 4, 5]]
}

R^PG_4(6,8) = 8
33 extremal graph(s)
running time:0.17555880546569824sec
