Finding R^PG_4(8,8)

Order & number of counterexample graphs:
0 1
1 1
2 2
3 4
4 11
5 33
6 148
7 906
8 5809
9 21123
10 5350
11 8
12 0

8 extremal graph(s):

graph r4_8_8e1 {
    0; 1; 2; 3; 4; 5; 6; 7; 8; 9; 10;
    0 -- 7; 0 -- 8; 0 -- 9; 0 -- 10; 1 -- 7; 1 -- 8; 1 -- 9; 1 -- 10;
    2 -- 7; 2 -- 8; 2 -- 9; 2 -- 10; 3 -- 7; 3 -- 8; 4 -- 7; 4 -- 8;
    5 -- 9; 5 -- 10; 6 -- 9; 6 -- 10; 7 -- 8; 7 -- 9; 7 -- 10; 8 -- 9;
    8 -- 10; 9 -- 10;
    [[7, 8, 9, 10], [7, 8, 9, 10], [7, 8, 9, 10], [7, 8], [7, 8], [9, 10], [9, 10], [0, 1, 2, 3, 4, 8, 9, 10], [0, 1, 2, 3, 4, 7, 9, 10], [0, 1, 2, 5, 6, 7, 8, 10], [0, 1, 2, 5, 6, 7, 8, 9]]
}

graph r4_8_8e2 {
    0; 1; 2; 3; 4; 5; 6; 7; 8; 9; 10;
    0 -- 7; 0 -- 8; 0 -- 9; 0 -- 10; 1 -- 7; 1 -- 8; 1 -- 9; 1 -- 10;
    2 -- 7; 2 -- 8; 2 -- 9; 2 -- 10; 3 -- 7; 3 -- 8; 4 -- 7; 4 -- 9;
    5 -- 8; 5 -- 10; 6 -- 9; 6 -- 10; 7 -- 8; 7 -- 9; 7 -- 10; 8 -- 9;
    8 -- 10; 9 -- 10;
    [[7, 8, 9, 10], [7, 8, 9, 10], [7, 8, 9, 10], [7, 8], [7, 9], [8, 10], [9, 10], [0, 1, 2, 3, 4, 8, 9, 10], [0, 1, 2, 3, 5, 7, 9, 10], [0, 1, 2, 4, 6, 7, 8, 10], [0, 1, 2, 5, 6, 7, 8, 9]]
}

graph r4_8_8e3 {
    0; 1; 2; 3; 4; 5; 6; 7; 8; 9; 10;
    0 -- 6; 0 -- 7; 0 -- 8; 0 -- 9; 0 -- 10; 1 -- 7; 1 -- 8; 1 -- 9;
    1 -- 10; 2 -- 7; 2 -- 8; 3 -- 7; 3 -- 8; 4 -- 9; 4 -- 10; 5 -- 9;
    5 -- 10; 6 -- 7; 6 -- 8; 6 -- 9; 6 -- 10; 7 -- 8; 7 -- 9; 7 -- 10;
    8 -- 9; 8 -- 10; 9 -- 10;
    [[6, 7, 8, 9, 10], [7, 8, 9, 10], [7, 8], [7, 8], [9, 10], [9, 10], [0, 7, 8, 9, 10], [0, 1, 2, 3, 6, 8, 9, 10], [0, 1, 2, 3, 6, 7, 9, 10], [0, 1, 4, 5, 6, 7, 8, 10], [0, 1, 4, 5, 6, 7, 8, 9]]
}

graph r4_8_8e4 {
    0; 1; 2; 3; 4; 5; 6; 7; 8; 9; 10;
    0 -- 6; 0 -- 7; 0 -- 8; 0 -- 9; 0 -- 10; 1 -- 7; 1 -- 8; 1 -- 9;
    1 -- 10; 2 -- 7; 2 -- 8; 3 -- 7; 3 -- 9; 4 -- 8; 4 -- 10; 5 -- 9;
    5 -- 10; 6 -- 7; 6 -- 8; 6 -- 9; 6 -- 10; 7 -- 8; 7 -- 9; 7 -- 10;
    8 -- 9; 8 -- 10; 9 -- 10;
    [[6, 7, 8, 9, 10], [7, 8, 9, 10], [7, 8], [7, 9], [8, 10], [9, 10], [0, 7, 8, 9, 10], [0, 1, 2, 3, 6, 8, 9, 10], [0, 1, 2, 4, 6, 7, 9, 10], [0, 1, 3, 5, 6, 7, 8, 10], [0, 1, 4, 5, 6, 7, 8, 9]]
}

graph r4_8_8e5 {
    0; 1; 2; 3; 4; 5; 6; 7; 8; 9; 10;
    0 -- 6; 0 -- 7; 0 -- 8; 0 -- 9; 0 -- 10; 1 -- 6; 1 -- 7; 1 -- 8;
    1 -- 9; 1 -- 10; 2 -- 7; 2 -- 8; 3 -- 7; 3 -- 8; 4 -- 9; 4 -- 10;
    5 -- 9; 5 -- 10; 6 -- 7; 6 -- 8; 6 -- 9; 6 -- 10; 7 -- 8; 7 -- 9;
    7 -- 10; 8 -- 9; 8 -- 10; 9 -- 10;
    [[6, 7, 8, 9, 10], [6, 7, 8, 9, 10], [7, 8], [7, 8], [9, 10], [9, 10], [0, 1, 7, 8, 9, 10], [0, 1, 2, 3, 6, 8, 9, 10], [0, 1, 2, 3, 6, 7, 9, 10], [0, 1, 4, 5, 6, 7, 8, 10], [0, 1, 4, 5, 6, 7, 8, 9]]
}

graph r4_8_8e6 {
    0; 1; 2; 3; 4; 5; 6; 7; 8; 9; 10;
    0 -- 6; 0 -- 7; 0 -- 8; 0 -- 9; 0 -- 10; 1 -- 6; 1 -- 7; 1 -- 8;
    1 -- 9; 1 -- 10; 2 -- 7; 2 -- 8; 3 -- 7; 3 -- 9; 4 -- 8; 4 -- 10;
    5 -- 9; 5 -- 10; 6 -- 7; 6 -- 8; 6 -- 9; 6 -- 10; 7 -- 8; 7 -- 9;
    7 -- 10; 8 -- 9; 8 -- 10; 9 -- 10;
    [[6, 7, 8, 9, 10], [6, 7, 8, 9, 10], [7, 8], [7, 9], [8, 10], [9, 10], [0, 1, 7, 8, 9, 10], [0, 1, 2, 3, 6, 8, 9, 10], [0, 1, 2, 4, 6, 7, 9, 10], [0, 1, 3, 5, 6, 7, 8, 10], [0, 1, 4, 5, 6, 7, 8, 9]]
}

graph r4_8_8e7 {
    0; 1; 2; 3; 4; 5; 6; 7; 8; 9; 10;
    0 -- 5; 0 -- 6; 0 -- 7; 0 -- 8; 0 -- 9; 0 -- 10; 1 -- 7; 1 -- 8;
    2 -- 7; 2 -- 8; 3 -- 9; 3 -- 10; 4 -- 9; 4 -- 10; 5 -- 6; 5 -- 7;
    5 -- 8; 5 -- 9; 5 -- 10; 6 -- 7; 6 -- 8; 6 -- 9; 6 -- 10; 7 -- 8;
    7 -- 9; 7 -- 10; 8 -- 9; 8 -- 10; 9 -- 10;
    [[5, 6, 7, 8, 9, 10], [7, 8], [7, 8], [9, 10], [9, 10], [0, 6, 7, 8, 9, 10], [0, 5, 7, 8, 9, 10], [0, 1, 2, 5, 6, 8, 9, 10], [0, 1, 2, 5, 6, 7, 9, 10], [0, 3, 4, 5, 6, 7, 8, 10], [0, 3, 4, 5, 6, 7, 8, 9]]
}

graph r4_8_8e8 {
    0; 1; 2; 3; 4; 5; 6; 7; 8; 9; 10;
    0 -- 5; 0 -- 6; 0 -- 7; 0 -- 8; 0 -- 9; 0 -- 10; 1 -- 7; 1 -- 8;
    2 -- 7; 2 -- 9; 3 -- 8; 3 -- 10; 4 -- 9; 4 -- 10; 5 -- 6; 5 -- 7;
    5 -- 8; 5 -- 9; 5 -- 10; 6 -- 7; 6 -- 8; 6 -- 9; 6 -- 10; 7 -- 8;
    7 -- 9; 7 -- 10; 8 -- 9; 8 -- 10; 9 -- 10;
    [[5, 6, 7, 8, 9, 10], [7, 8], [7, 9], [8, 10], [9, 10], [0, 6, 7, 8, 9, 10], [0, 5, 7, 8, 9, 10], [0, 1, 2, 5, 6, 8, 9, 10], [0, 1, 3, 5, 6, 7, 9, 10], [0, 2, 4, 5, 6, 7, 8, 10], [0, 3, 4, 5, 6, 7, 8, 9]]
}

R^PG_4(8,8) = 12
8 extremal graph(s)
running time:3681.020575761795sec
