Finding R^PG_4(6,6)

Order & number of counterexample graphs:
0 1
1 1
2 2
3 4
4 11
5 33
6 0

33 extremal graph(s):

graph r4_6_6e1 {
    0; 1; 2; 3; 4;
    [[], [], [], [], []]
}

graph r4_6_6e2 {
    0; 1; 2; 3; 4;
    0 -- 4;
    [[4], [], [], [], [0]]
}

graph r4_6_6e3 {
    0; 1; 2; 3; 4;
    0 -- 4; 1 -- 4;
    [[4], [4], [], [], [0, 1]]
}

graph r4_6_6e4 {
    0; 1; 2; 3; 4;
    0 -- 4; 1 -- 4; 2 -- 4;
    [[4], [4], [4], [], [0, 1, 2]]
}

graph r4_6_6e5 {
    0; 1; 2; 3; 4;
    0 -- 4; 1 -- 4; 2 -- 4; 3 -- 4;
    [[4], [4], [4], [4], [0, 1, 2, 3]]
}

graph r4_6_6e6 {
    0; 1; 2; 3; 4;
    0 -- 3; 1 -- 4;
    [[3], [4], [], [0], [1]]
}

graph r4_6_6e7 {
    0; 1; 2; 3; 4;
    0 -- 3; 0 -- 4; 1 -- 4;
    [[3, 4], [4], [], [0], [0, 1]]
}

graph r4_6_6e8 {
    0; 1; 2; 3; 4;
    0 -- 3; 0 -- 4; 3 -- 4;
    [[3, 4], [], [], [0, 4], [0, 3]]
}

graph r4_6_6e9 {
    0; 1; 2; 3; 4;
    0 -- 3; 1 -- 4; 2 -- 4;
    [[3], [4], [4], [0], [1, 2]]
}

graph r4_6_6e10 {
    0; 1; 2; 3; 4;
    0 -- 3; 0 -- 4; 1 -- 4; 2 -- 4;
    [[3, 4], [4], [4], [0], [0, 1, 2]]
}

graph r4_6_6e11 {
    0; 1; 2; 3; 4;
    0 -- 3; 0 -- 4; 1 -- 4; 3 -- 4;
    [[3, 4], [4], [], [0, 4], [0, 1, 3]]
}

graph r4_6_6e12 {
    0; 1; 2; 3; 4;
    0 -- 3; 0 -- 4; 1 -- 4; 2 -- 4; 3 -- 4;
    [[3, 4], [4], [4], [0, 4], [0, 1, 2, 3]]
}

graph r4_6_6e13 {
    0; 1; 2; 3; 4;
    0 -- 3; 0 -- 4; 1 -- 3; 1 -- 4;
    [[3, 4], [3, 4], [], [0, 1], [0, 1]]
}

graph r4_6_6e14 {
    0; 1; 2; 3; 4;
    0 -- 3; 0 -- 4; 1 -- 3; 2 -- 4;
    [[3, 4], [3], [4], [0, 1], [0, 2]]
}

graph r4_6_6e15 {
    0; 1; 2; 3; 4;
    0 -- 3; 0 -- 4; 1 -- 3; 1 -- 4; 2 -- 4;
    [[3, 4], [3, 4], [4], [0, 1], [0, 1, 2]]
}

graph r4_6_6e16 {
    0; 1; 2; 3; 4;
    0 -- 3; 0 -- 4; 1 -- 3; 1 -- 4; 3 -- 4;
    [[3, 4], [3, 4], [], [0, 1, 4], [0, 1, 3]]
}

graph r4_6_6e17 {
    0; 1; 2; 3; 4;
    0 -- 3; 0 -- 4; 1 -- 3; 2 -- 4; 3 -- 4;
    [[3, 4], [3], [4], [0, 1, 4], [0, 2, 3]]
}

graph r4_6_6e18 {
    0; 1; 2; 3; 4;
    0 -- 3; 0 -- 4; 1 -- 3; 1 -- 4; 2 -- 4; 3 -- 4;
    [[3, 4], [3, 4], [4], [0, 1, 4], [0, 1, 2, 3]]
}

graph r4_6_6e19 {
    0; 1; 2; 3; 4;
    0 -- 3; 0 -- 4; 1 -- 3; 1 -- 4; 2 -- 3; 2 -- 4;
    [[3, 4], [3, 4], [3, 4], [0, 1, 2], [0, 1, 2]]
}

graph r4_6_6e20 {
    0; 1; 2; 3; 4;
    0 -- 3; 0 -- 4; 1 -- 3; 1 -- 4; 2 -- 3; 2 -- 4; 3 -- 4;
    [[3, 4], [3, 4], [3, 4], [0, 1, 2, 4], [0, 1, 2, 3]]
}

graph r4_6_6e21 {
    0; 1; 2; 3; 4;
    0 -- 2; 0 -- 4; 1 -- 3; 2 -- 4;
    [[2, 4], [3], [0, 4], [1], [0, 2]]
}

graph r4_6_6e22 {
    0; 1; 2; 3; 4;
    0 -- 2; 0 -- 4; 1 -- 3; 1 -- 4; 2 -- 4;
    [[2, 4], [3, 4], [0, 4], [1], [0, 1, 2]]
}

graph r4_6_6e23 {
    0; 1; 2; 3; 4;
    0 -- 2; 0 -- 4; 1 -- 3; 1 -- 4; 2 -- 4; 3 -- 4;
    [[2, 4], [3, 4], [0, 4], [1, 4], [0, 1, 2, 3]]
}

graph r4_6_6e24 {
    0; 1; 2; 3; 4;
    0 -- 2; 0 -- 3; 0 -- 4; 1 -- 3; 1 -- 4; 2 -- 4;
    [[2, 3, 4], [3, 4], [0, 4], [0, 1], [0, 1, 2]]
}

graph r4_6_6e25 {
    0; 1; 2; 3; 4;
    0 -- 2; 0 -- 3; 0 -- 4; 1 -- 3; 1 -- 4; 3 -- 4;
    [[2, 3, 4], [3, 4], [0], [0, 1, 4], [0, 1, 3]]
}

graph r4_6_6e26 {
    0; 1; 2; 3; 4;
    0 -- 2; 0 -- 3; 0 -- 4; 1 -- 3; 1 -- 4; 2 -- 4; 3 -- 4;
    [[2, 3, 4], [3, 4], [0, 4], [0, 1, 4], [0, 1, 2, 3]]
}

graph r4_6_6e27 {
    0; 1; 2; 3; 4;
    0 -- 2; 0 -- 3; 0 -- 4; 2 -- 3; 2 -- 4; 3 -- 4;
    [[2, 3, 4], [], [0, 3, 4], [0, 2, 4], [0, 2, 3]]
}

graph r4_6_6e28 {
    0; 1; 2; 3; 4;
    0 -- 2; 0 -- 3; 0 -- 4; 1 -- 4; 2 -- 3; 2 -- 4; 3 -- 4;
    [[2, 3, 4], [4], [0, 3, 4], [0, 2, 4], [0, 1, 2, 3]]
}

graph r4_6_6e29 {
    0; 1; 2; 3; 4;
    0 -- 2; 0 -- 3; 0 -- 4; 1 -- 3; 1 -- 4; 2 -- 3; 2 -- 4;
    [[2, 3, 4], [3, 4], [0, 3, 4], [0, 1, 2], [0, 1, 2]]
}

graph r4_6_6e30 {
    0; 1; 2; 3; 4;
    0 -- 2; 0 -- 3; 0 -- 4; 1 -- 3; 1 -- 4; 2 -- 3; 2 -- 4; 3 -- 4;
    [[2, 3, 4], [3, 4], [0, 3, 4], [0, 1, 2, 4], [0, 1, 2, 3]]
}

graph r4_6_6e31 {
    0; 1; 2; 3; 4;
    0 -- 2; 0 -- 3; 0 -- 4; 1 -- 2; 1 -- 3; 1 -- 4; 2 -- 4; 3 -- 4;
    [[2, 3, 4], [2, 3, 4], [0, 1, 4], [0, 1, 4], [0, 1, 2, 3]]
}

graph r4_6_6e32 {
    0; 1; 2; 3; 4;
    0 -- 2; 0 -- 3; 0 -- 4; 1 -- 2; 1 -- 3; 1 -- 4; 2 -- 3; 2 -- 4;
    3 -- 4;
    [[2, 3, 4], [2, 3, 4], [0, 1, 3, 4], [0, 1, 2, 4], [0, 1, 2, 3]]
}

graph r4_6_6e33 {
    0; 1; 2; 3; 4;
    0 -- 1; 0 -- 2; 0 -- 3; 0 -- 4; 1 -- 2; 1 -- 3; 1 -- 4; 2 -- 3;
    2 -- 4; 3 -- 4;
    [[1, 2, 3, 4], [0, 2, 3, 4], [0, 1, 3, 4], [0, 1, 2, 4], [0, 1, 2, 3]]
}

R^PG_4(6,6) = 6
33 extremal graph(s)
running time:0.021909475326538086sec
